14
226
144
17
370
1682
661
405
865
449
26
288
421
281
145
61
17
73
196
197
257
26
149
650
116
949
290
145
820
325
317
16
98
377
298
106
533
441
45
29
712
580
145
362
442
745
493
325
324
565
65
482
178
484
113
50
146
458
565
2098
221
34
8
37
484
73
377
50
730
173
698
628
125
265
397
296
36
169
197
221
226
545
1282
865
676
144
436
1460
97
306
37
629
458
160
356
289
445
1044
160
884
218
98
232
53
986
592
1165
157
49
265
724
1730
305
229
18
337
290
85
180
394
53
36
25
541
325
100
232
261
169
314
17
281
50061
9
530
202
410
521
40
272
1341
746
25
452
61
261
148
325
125
890
40
58
136
757
109
136
160
505
1217
260
325
1108
360
180
425
676
520
313
146
82
800
405
425
277
1082
277
314
20
65
653
724
569
13
242
340
625
530
8
242
250
272
797
576
130
578
410
545
340
666
104
53
125
296
445
281
145
290
125
221
778
50
461
45
373
149
170
25
50
170
164
178
484
370
130
392
58
4
10
673
409
81
170
697
229
256
130
338
400
73
1741
164
226
146
185
116
260
325
340
4
81
400
2
677
212
137
549
106
194
148
13
1
13
82
410
65
9
153
53
4
16
145
410
373
340
45
338
9
949
477
250
730
202
194
36
1093
349
58
466
346
106
10
692
185
148
365
1
369
73
225
36
400
145
52
50
289
1105
160
34
1049
17
5
404
90
401
73
229
477
269
820
98
340
260
676
1233
130
481
74
424
1930
433
90
169
405
481
36
36
100
194
80
9
45
13
317
90
122
485
865
226
145
196
450
261
68
4
593
625
113
650
802
305
530
289
754
125
16
452
218
45
409
200
324
149
80
89
181
97
13
1370
845
242
250
421
1018
196
50
1025
360
845
290
485
1010
596
157
26
58
34
577
261
148
9
25
104
146
68
400
136
20
100
208
242
541
289
265
410
640
9
130
1066
145
1360
1313
2
100
101
1369
36
689
13
50
90
404
17
52
225
1024
20
436
226
305
164
976
234
1493
109
772
512
1
17
202
677
117
261
265
29
333
458
221
1469
197
32
61
160
18
1394
976
1069
234
100
306
333
890
109
232
245
121
170
425
725
125
5
377
601
37
173
985
25
106
65
612
676
200
178
130
325
520
361
548
458
325
10
520
149
445
234
61
401
290
1105
113
121
90
85
241
457
585
337
25
121
145
328
1413
170
265
269
169
653
592
26
58
416
965
545
1165
1130
365
648
625
698
269
505
197
68
514
680
100
410
50
676
317
65
328
272
585
50
196
709
185
8
100
85
80
509
81
584
442
257
29
45
433
181
101
109
20
26
53
106
481
80
424
712
373
9
404
52
162
113
5
338
52
340
333
725
857
50
164
122
98
36
277
361
125
274
205
353
305
457
34
45
580
221
365
625
277
296
397
829
673
45
373
90
68
16
692
208
169
226
272
545
149
20
629
730
197
2
778
194
554
121
0
106
13
13
185
233
81
689
346
985
244
964
164
26
745
121
25
577
549
1037
136
0
137
1258
2192
793
81
1
842
845
194
232
776
52
450
82
121
2
26
541
349
85
146
305
10
89
305
181
250
362
610
100
377
26
36
845
116
529
121
169
576
4
306
569
369
1300
293
37
68
377
17
25
100
45
173
1861
324
424
325
349
288
256
274
592
109
265
265
689
509
116
981
250
628
370
81
365
80
205
529
25
745
337
433
265
4
100
306
724
1241
109
13
109
116
145
61
289
425
196
676
208
197
234
569
121
130
144
29
180
533
136
394
725
81
500
148
9
1669
256
13
164
401
360
1625
289
386
425
36
61
274
445
81
562
196
85
730
650
1042
377
90
137
1297
953
232
265
100
529
1181
100
16
149
20
288
68
16
436
949
121
85
365
97
241
325
13
29
61
401
25
41
1625
776
1682
41
45
193
484
281
370
333
52
1
677
1154
296
650
194
296
137
160
101
373
340
833
650
153
625
452
173
410
853
346
850
730
314
625
137
1089
370
373
925
125
394
890
842
245
850
533
746
578
628
261
274
324
634
1865
720
197
181
100
82
505
34
197
865
338
25
1649
377
260
36
58
106
533
1044
1369
361
125
233
100
49
1993
90
936
745
100
137
136
1
493
1525
29
41
73
349
117
104
5
221
962
64
637
65
949
477
104
45
200
538
106
144
64
592
317
58
586
274
320
298
100
116
505
212
226
1089
1156
242
1348
85
797
1313
666
136
145
208
148
49
1
745
269
64
18
288
89
36
520
484
26
229
109
226
157
109
1044
74
685
202
586
170
1186
337
405
125
53
122
10
104
25
265
1145
720
17
424
245
533
725
676
320
628
544
1
377
468
458
709
410
128
45
274
290
436
144
74
314
562
877
74
306
234
4
65
50
810
274
565
325
500
370
370
200
1305
233
250
53
10
85
160
692
137
1493
205
58
520
68
98
1105
421
274
346
130
37
362
49
370
549
65
90
410
1172
106
137
1465
653
100
832
113
225
1060
637
484
113
58
109
25
170
116
74
641
544
709
485
625
410
148
629
580
365
452
800
181
404
100
181
73
25
45
17
549
377
260
612
229
260
386
692
298
1170
130
272
712
320
205
562
229
205
72
392
232
325
101
232
680
738
377
769
410
585
317
68
442
1
409
90
64
125
37
98
64
26
661
394
360
313
820
1378
41
16
340
90
34
340
388
500
313
1097
1066
272
514
256
104
64
298
757
1685
338
242
233
225
53
370
424
449
73
109
180
169
100
50
325
277
634
45
289
121
85
1
226
196
52
277
149
1097
241
845
1229
226
136
37
109
1417
484
397
32
965
353
245
612
365
1961
136
293
661
34
232
145
850
208
592
101
145
25
5
65
1021
436
305
25
5
442
45
260
424
290
4
125
4
149
29
160
164
520
89
226
296
229
117
100
80
872
765
565
130
130
50
85
169
442
562
296
757
181
104
65
97
1010
468
745
145
617
922
34
130
121
136
34
65
557
800
233
40
1604
306
89
137
317
333
89
673
324
637
450
41
100
666
146
1721
637
53
25
397
170
144
740
36
104
29
2516
557
1025
61
800
229
50
477
196
1125
58
130
125
26
445
464
185
205
145
421
557
4
149
265
74
212
557
1213
212
212
130
265
85
13
10
730
533
697
337
26
117
1105
1160
241
650
50
772
445
164
194
17
689
100
545
85
245
545
421
16
34
698
400
8
409
901
625
181
872
225
338
356
778
65
410
241
289
137
650
233
461
149
1125
641
148
1025
697
25
397
820
196
45
545
388
442
365
277
1282
466
65
261
754
916
821
421
229
221
466
65
26
260
50
290
829
10
637
1024
58
153
1114
169
293
565
1361
196
377
362
340
117
45
145
328
25
20
20
290
373
388
349
485
121
410
2
200
250
394
1225
720
242
1940
9
441
242
369
425
17
881
257
197
80
130
58
725
1280
85
81
226
313
441
50
416
466
1160
365
73
424
178
25
16
40
169
149
194
185
584
90
90
530
3285
17
968
109
250
146
225
360
5
25
324
125
13
512
481
200
442
50
325
74
106
640
148
324
338
1312
424
153
13
109
281
65
810
1224
493
509
404
872
964
145
954
65
194
9
290
241
229
97
144
26
397
650
178
52
314
1109
296
586
202
468
290
605
45
234
10
925
185
338
325
104
625
533
144
109
468
325
820
162
2682
130
416
685
160
401
106
578
1901
397
130
41
61
34
117
1394
612
25
349
901
676
29
65
226
0
232
468
146
89
10
20
338
145
1258
533
5
296
533
1233
389
433
369
725
850
1117
104
136
436
136
80
505
85
452
5
730
305
4
520
241
49
260
1
441
202
196
20
109
36
37
180
1234
740
401
149
484
157
72
1013
164
461
698
180
845
722
317
65
685
130
125
346
754
29
314
197
26
205
377
149
25
1073
121
545
1450
20
325
349
1154
85
10
53
1
9
865
89
10
49
81
221
185
900
578
52
41
1625
229
64
130
100
593
202
512
245
293
205
41
293
464
269
680
36
477
257
241
205
1717
25
89
793
274
148
305
13
169
866
901
53
328
65
221
488
89
81
1025
425
41
50
164
225
333
298
36
82
324
629
289
25
250
100
328
221
20
740
45
81
10
1037
442
53
117
53
452
49
40
305
530
113
788
445
17
482
170
13
185
260
953
468
4
74
772
1024
388
100
85
109
205
0
325
784
261
613
353
130
698
1060
349
653
97
164
485
197
185
522
65
49
90
325
1296
101
292
169
137
178
2340
65
104
424
34
100
73
181
520
45
637
1714
505
196
26
5
98
373
845
90
325
481
424
148
5
365
218
194
578
100
485
257
661
100
52
65
37
29
557
424
25
104
97
101
122
365
233
493
169
857
1250
1370
5
405
580
85
530
8
421
162
325
218
1469
353
442
196
144
661
25
730
442
565
85
29
394
85
9
317
709
121
117
405
101
793
13
324
709
226
169
170
29
40
520
81
116
109
580
425
32
442
360
1280
333
185
493
82
137
148
500
449
785
49
1156
1189
1021
281
269
229
32
538
290
353
585
925
89
1282
64
4
306
405
29
612
50
377
533
8
173
890
397
26
81
37
981
113
458
340
25
233
698
170
544
29
29
346
1640
401
260
144
392
37
197
488
313
1933
130
4
629
653
145
117
61
610
101
5
569
1649
50
298
4
185
10
725
272
106
34
433
68
296
10
450
58
585
680
585
845
349
49
445
64
260
386
45
73
4
533
445
85
466
370
386
122
689
196
25
740
288
128
1258
265
97
629
180
160
245
26
388
1234
85
1258
58
272
226
229
841
533
754
610
333
104
482
449
1409
562
337
416
425
545
565
113
29
53
689
269
212
754
1037
25
1165
13
101
146
50
116
25
1570
49
738
296
424
52
68
149
1305
36
485
370
153
137
145
1469
116
145
625
356
1205
130
405
20
101
1040
585
338
113
196
233
452
153
34
256
628
709
53
557
257
2740
81
104
125
1105
4
41
20
306
9
272
584
754
136
369
36
338
194
29
468
242
104
410
289
634
145
202
1125
416
10
9
848
52
41
45
90
361
720
202
109
260
937
337
117
65
349
101
125
52
340
82
1184
85
50
197
74
596
410
234
272
265
445
193
776
1325
625
82
320
617
106
13
116
424
1093
577
541
676
64
405
610
169
514
25
170
104
850
4
180
416
58
442
305
325
577
98
37
233
25
232
580
185
405
229
298
521
109
313
1096
136
701
388
596
578
346
109
1285
185
2
625
85
148
361
65
317
986
333
45
445
1
650
250
34
514
61
157
104
421
1220
80
157
580
388
1513
457
292
290
68
117
53
281
313
674
305
2196
257
313
784
68
113
305
144
1858
20
680
325
117
905
180
361
901
530
29
130
745
52
1
160
53
340
1066
818
242
26
113
8
377
689
9
1037
593
593
74
818
277
146
41
250
436
145
436
37
458
145
81
584
144
724
401
257
305
164
754
634
130
149
196
41
52
53
100
185
500
0
450
130
1117
493
325
365
346
34
890
730
292
109
745
34
226
52
58
514
305
745
100
68
298
36
725
130
306
293
212
488
58
2
613
173
125
333
109
409
121
452
625
225
361
500
914
164
445
9
1129
545
425
481
241
5
29
53
490
145
296
601
377
232
481
85
5
13
205
169
13
1300
328
4
101
677
333
113
1025
493
514
16
1013
377
25
212
1354
1241
144
530
13
797
104
73
148
121
109
170
106
949
257
122
257
629
205
52
89
698
793
509
481
265
272
128
34
157
149
221
8
100
409
905
2
338
194
324
104
320
365
281
421
365
544
757
45
25
272
8
208
49
265
193
122
369
149
130
49
1053
490
104
202
685
689
405
4
116
833
1165
61
370
980
221
296
328
5
10
904
45
1220
1000
245
37
153
225
424
117
338
565
100
1040
776
157
520
356
58
8
125
656
389
58
225
100
290
361
250
565
325
50
128
1090
328
50
193
72
65
68
521
97
481
41
3121
41
530
117
296
53
400
481
346
40
400
328
181
32
3445
269
274
260
1225
10
85
533
745
41
325
16
725
1154
5
661
1832
58
765
117
20
529
1145
1405
164
533
274
1525
34
809
221
260
449
68
317
173
153
288
545
626
109
400
333
1125
421
98
1013
40
185
362
306
370
145
10
288
244
113
689
949
64
1921
244
401
241
36
145
520
441
450
80
425
477
272
40
13
928
109
128
17
857
610
698
277
1444
370
890
904
290
544
20
317
289
106
545
40
34
25
757
242
484
986
40
626
461
101
121
317
64
405
157
125
53
89
137
338
260
445
104
305
65
557
125
596
936
260
101
104
90
257
17
61
290
1234
5
853
853
49
320
1044
25
40
85
298
178
549
577
289
689
61
706
794
272
8
445
1261
962
65
157
421
530
298
288
16
405
85
225
328
9
29
162
356
52
521
241
320
100
1129
1220
562
1090
328
445
130
25
293
698
5
125
194
16
200
225
9
202
425
81
1544
1274
101
160
370
100
281
116
50
29
250
100
353
500
656
181
493
221
121
80
377
425
52
637
485
64
953
116
205
164
865
65
1066
146
949
193
1549
320
1444
146
45
277
449
848
10
482
1
157
388
493
170
288
208
65
233
640
1
5
232
377
9
13
250
954
656
68
25
53
113
64
545
1381
369
260
338
821
146
521
241
85
433
148
673
338
324
890
13
208
442
265
314
65
1237
250
136
746
80
296
125
37
5
637
160
328
461
101
1625
289
144
225
101
793
200
697
65
200
9
37
932
565
578
52
277
74
272
89
401
256
765
25
82
109
317
202
260
25
241
45
578
245
925
16
1994
65
265
37
298
457
1700
1373
450
338
13
50
313
784
109
1
221
250
941
229
305
100
313
373
122
37
17
205
26
10
845
40
565
125
45
100
40
676
194
17
241
290
145
82
122
196
610
482
578
365
125
205
125
202
1000
85
85
325
218
169
196
386
661
265
193
0
169
80
650
232
1921
196
200
109
205
130
1808
40
16
130
629
841
369
225
41
36
200
580
522
512
797
761
149
89
1
698
130
229
29
1096
289
205
296
58
233
104
493
241
113
488
522
425
1469
18
148
409
530
234
585
20
850
545
89
16
225
884
52
482
157
400
425
576
173
145
265
85
90
461
64
337
325
545
97
170
164
929
290
554
449
292
245
109
977
104
73
872
61
701
45
173
452
337
260
1
50
461
520
200
125
244
100
122
41
200
116
97
200
221
265
65
360
505
442
49
1940
170
116
136
593
193
8
100
377
53
612
17
676
485
164
765
85
9
13
89
461
545
612
226
85
145
484
16
941
394
290
450
365
162
1546
121
370
441
40
121
25
1348
1250
125
394
74
109
677
244
692
9
85
130
1325
305
298
52
50
4
170
701
265
64
569
52
324
445
468
522
305
1361
424
10
250
89
610
314
226
145
185
98
290
298
1417
1165
149
328
52
101
1377
425
74
26
565
100
485
250
200
169
784
845
333
337
1130
1130
13
212
452
49
148
36
810
1033
4
580
404
324
89
25
65
793
229
234
89
185
485
281
1156
425
26
9
25
530
104
10
509
370
333
80
490
185
145
641
20
32
250
205
425
34
865
261
85
26
365
305
580
16
181
520
617
400
80
244
2
500
85
80
196
85
585
794
841
29
16
392
32
337
298
8
10
68
180
1312
232
113
1
50
9
49
370
100
905
554
49
218
13
538
65
40
313
500
970
2
317
677
101
130
289
320
425
68
569
169
80
73
65
180
68
160
34
80
130
145
229
100
146
441
225
13
1973
389
32
58
205
340
346
117
104
145
202
369
2378
898
1069
4
1
373
257
212
610
80
706
314
288
650
37
81
256
985
361
0
101
421
232
520
104
353
98
173
265
296
1417
170
9
250
89
722
185
16
202
41
452
592
442
157
289
493
288
29
730
306
530
16
10
1448
641
85
324
857
149
1588
218
25
100
1125
241
328
164
305
410
36
305
325
0
260
477
820
153
225
181
369
25
809
745
40
85
436
610
37
325
144
100
541
218
85
80
842
130
244
260
601
145
109
424
25
25
125
890
229
58
164
1201
52
784
241
269
724
405
1010
340
65
97
25
629
148
1181
144
1565
793
370
98
533
554
676
549
178
346
850
153
794
1394
554
145
634
361
90
4
164
773
145
73
232
17
1156
409
82
130
845
64
109
362
1570
493
605
4
725
25
26
26
296
925
436
72
1172
0
160
58
725
260
74
72
1193
1
137
90
272
36
773
400
37
5
221
1186
244
772
180
545
13
1250
50
10
296
45
130
148
634
500
1345
137
173
585
18
125
605
277
128
442
65
65
202
116
257
745
505
424
445
265
157
377
218
164
49
68
545
185
370
905
328
212
5
333
0
149
565
505
424
1417
548
656
362
388
40
34
281
10
941
338
41
1465
169
162
250
170
241
173
522
232
9
313
181
130
306
9
1040
73
962
170
500
369
265
221
953
234
1864
58
225
164
144
680
34
10
810
1258
900
145
97
1
661
1066
388
65
250
128
593
26
144
85
73
778
85
1037
26
324
122
197
293
169
1556
1601
68
5
529
197
205
490
1108
289
180
80
74
500
394
117
125
20
90
306
802
221
1433
425
130
377
365
130
13
8
53
25
36
16
1629
257
36
106
328
324
65
416
173
866
365
205
850
97
100
146
356
545
410
256
445
545
37
157
701
104
1226
242
221
50
104
409
208
865
85
293
80
36
404
349
520
65
4
17
1445
545
170
116
241
325
85
61
74
146
293
404
356
185
196
212
130
185
225
160
41
361
657
353
122
333
173
61
241
292
85
125
241
697
653
485
505
576
185
50
25
101
10
596
340
346
37
290
18
53
293
349
1040
485
225
701
170
1170
698
409
436
1138
1348
37
626
257
34
544
121
29
400
281
257
890
881
361
9
365
338
197
388
650
13
202
601
245
153
4
738
80
545
146
400
845
461
185
290
400
317
234
1
328
425
269
740
29
45
5
40
898
125
1
233
373
832
202
328
370
538
170
853
49
109
629
125
685
884
1
233
1109
170
164
689
90
229
13
593
340
1098
445
25
601
842
585
109
149
5
365
40
16
125
281
400
81
538
153
100
452
80
625
706
170
25
113
1033
818
405
149
277
157
61
148
13
325
313
205
324
778
50
130
85
265
1010
169
29
5
202
260
317
512
845
458
50
80
26
229
173
929
122
41
80
901
785
281
50
117
100
137
1537
37
320
674
130
36
292
405
160
904
185
1858
116
1261
85
169
626
370
733
136
72
481
37
10
221
50
109
410
922
370
170
369
256
369
353
340
890
377
692
50
676
361
349
136
45
122
260
53
25
58
146
25
1282
545
1
325
234
164
333
200
424
18
964
200
234
452
5
522
314
277
0
225
13
65
130
164
288
1060
64
370
325
232
53
377
52
1285
545
136
193
313
125
125
153
740
386
1165
533
290
549
1225
20
1090
36
265
65
356
257
785
477
584
194
80
50
1525
468
400
637
250
221
40
170
205
500
522
29
97
881
548
250
160
545
170
232
101
157
596
26
157
317
81
272
256
250
457
4
221
289
146
65
485
765
85
1346
745
85
250
794
65
845
221
170
277
333
34
533
890
244
905
349
1220
1685
272
90
72
137
452
680
601
148
40
10
65
353
52
53
325
49
58
72
89
90
52
481
130
173
441
1825
720
841
68
450
170
320
17
405
232
81
104
773
145
81
325
98
121
160
25
356
340
89
529
305
64
505
317
404
106
64
58
85
1853
340
962
405
337
985
100
890
544
689
49
148
82
725
117
232
37
197
442
202
801
136
1109
1058
25
225
2020
757
130
128
64
1066
1156
185
101
100
244
178
80
32
296
202
221
233
100
4
388
49
260
1301
449
269
98
890
72
2
41
9
289
884
425
605
13
157
673
145
365
314
169
544
52
320
500
1184
338
0
13
884
25
346
365
25
16
442
773
325
37
557
265
34
362
109
74
761
793
697
160
349
977
9
0
325
40
9
241
153
145
850
674
68
324
16
325
445
730
529
136
146
202
761
1042
49
85
1234
1073
45
82
313
113
68
64
250
160
457
832
338
677
233
509
200
194
145
290
488
657
324
45
484
1530
100
202
932
320
629
313
52
306
145
208
225
49
256
82
392
116
65
576
530
5
212
360
173
25
212
97
1409
100
32
98
377
73
29
530
36
340
113
612
218
441
1156
245
244
194
49
320
125
436
65
468
0
340
793
674
9
170
80
404
400
17
545
90
9
81
20
13
50
340
865
97
468
1492
337
306
170
145
729
244
185
85
225
260
949
164
640
481
106
320
401
484
225
37
425
640
397
1
288
17
13
16
328
185
50
788
613
122
256
362
98
848
466
160
16
1714
538
484
745
821
769
9
100
274
45
41
29
1
281
1073
397
202
58
10
320
5
106
1885
50
450
386
965
113
397
677
272
89
289
260
772
320
370
113
1220
305
234
740
754
261
317
170
116
50
442
522
73
41
130
292
74
277
265
45
241
281
1186
82
441
13
121
337
241
122
1105
757
181
306
200
500
116
676
548
185
625
45
145
356
505
353
109
0
580
1233
373
130
685
477
580
50
409
1058
778
153
698
18
68
136
724
185
292
338
801
405
260
314
468
256
904
208
1105
85
365
1280
64
493
137
169
85
4
409
338
261
45
1040
50
265
145
185
765
218
221
281
400
117
290
157
565
17
466
45
949
5
17
457
773
25
9
289
865
386
85
485
424
1000
320
225
1684
58
520
256
485
50
53
146
290
729
850
314
778
788
340
801
401
1172
226
793
337
45
405
313
234
130
185
457
445
305
89
169
160
901
218
466
241
85
205
73
173
576
130
146
370
530
1669
146
394
394
269
289
445
776
36
13
234
173
98
89
130
306
337
338
317
29
50
313
197
340
400
1413
289
1549
225
613
229
85
389
481
1153
601
450
34
872
305
17
557
274
778
104
178
81
2393
200
25
353
40
1405
13
261
153
1481
325
818
205
226
65
373
50
73
145
488
73
146
20
65
733
40
29
1082
450
162
148
425
200
90
680
41
225
49
37
545
128
436
40
1105
442
137
881
1768
9
122
61
1429
113
185
353
509
218
365
457
229
85
225
1305
698
53
325
18
121
488
72
810
162
178
289
360
293
292
580
196
49
125
100
162
325
4
377
698
610
40
320
29
464
260
229
257
205
425
65
104
292
445
178
850
637
349
17
58
397
500
34
205
121
592
1256
225
205
26
765
200
1285
442
169
16
2245
720
157
520
409
125
164
689
305
1153
485
1556
109
365
34
425
45
121
457
180
689
482
445
36
793
25
193
641
82
676
405
337
1556
25
338
533
676
116
122
324
233
416
481
181
9
16
232
1300
1042
85
317
436
169
468
89
157
320
530
410
122
324
577
50
97
65
370
1053
128
170
477
324
965
229
160
674
41
193
109
328
317
97
49
97
130
194
37
288
130
265
200
585
410
17
97
937
274
250
260
832
445
65
16
200
170
180
40
961
340
404
340
130
82
277
41
13
585
197
13
170
29
97
26
17
1312
25
98
400
260
269
180
482
1125
170
106
106
522
122
421
9
148
17
1201
333
1025
144
97
80
121
208
122
49
500
485
65
137
106
425
289
677
593
10
677
481
229
720
386
706
809
146
1049
389
1341
256
1
349
250
68
272
113
32
157
900
41
17
130
520
578
784
85
128
1061
193
292
37
569
1025
153
90
410
324
4
122
1
793
1010
500
164
554
4
288
306
961
360
146
196
106
218
298
976
157
2228
845
113
25
52
5
82
793
113
505
290
153
49
261
320
785
373
9
1525
289
82
757
100
745
32
218
74
521
130
578
164
49
1154
37
137
697
3065
65
101
45
193
52
29
289
58
121
802
61
109
410
650
234
601
305
461
145
288
641
52
37
388
1466
32
130
109
485
181
49
320
905
74
776
500
410
25
1037
205
1184
269
101
68
1241
745
290
109
449
545
313
85
265
5
425
562
932
554
100
25
53
49
117
901
485
529
61
265
104
37
25
193
125
298
180
709
468
289
52
442
922
20
625
1124
845
416
17
425
113
1028
109
281
50
85
325
505
162
117
296
512
1124
250
257
1280
242
20
272
281
130
74
29
52
340
41
1261
125
274
229
232
689
466
1040
689
356
442
64
145
848
170
272
1466
193
1090
901
500
160
698
1325
218
121
233
101
410
53
733
178
1
61
181
281
850
68
65
90
37
890
557
49
541
212
1370
130
586
109
65
493
292
130
212
200
457
765
10
529
873
73
325
697
144
170
400
178
34
320
545
169
194
313
146
2089
128
194
130
65
34
272
117
250
58
901
80
34
10
180
80
290
81
13
356
68
500
40
50
333
20
25
260
281
153
1513
193
468
185
146
130
265
68
424
1033
397
733
128
137
306
5
274
250
225
730
26
937
153
761
73
185
245
1250
225
197
26
52
80
20
233
500
85
533
485
234
100
9
34
629
325
584
97
18
740
50
290
482
353
100
1576
130
29
820
340
577
100
10
85
697
49
225
100
145
324
29
325
1021
576
373
404
1013
221
514
1
98
8
769
500
100
130
320
881
185
0
136
661
361
277
130
1314
436
25
692
121
50
305
130
689
0
50
148
689
145
164
229
225
26
50
306
162
82
45
26
901
388
37
25
169
450
873
493
34
773
388
289
565
100
394
250
82
64
557
457
545
200
289
269
401
676
58
113
157
137
20
208
409
512
10
5
269
58
74
250
305
377
313
41
130
244
241
362
745
377
641
74
328
65
298
197
548
394
130
882
810
160
245
98
74
18
169
653
586
250
370
229
205
260
538
488
890
529
81
185
449
180
298
628
169
125
305
2169
10
706
333
41
2389
765
185
441
185
865
1741
20
386
325
80
233
340
196
425
53
625
493
122
26
37
565
200
904
85
592
724
394
164
541
1042
169
392
40
13
125
97
701
36
544
90
1305
80
200
26
197
340
362
365
173
1
306
8
73
772
185
1156
1138
725
82
520
234
173
298
148
136
185
212
61
314
666
98
281
680
61
505
1098
41
457
394
34
160
882
41
18
289
890
293
25
130
386
964
25
580
58
333
1025
20
261
340
90
1090
289
289
349
181
433
274
50
45
89
85
1130
100
9
97
1189
290
104
610
136
296
1220
905
50
145
32
160
153
2
1994
125
90
100
640
82
338
281
157
881
290
1044
281
625
509
4
25
628
17
45
81
288
144
173
100
932
394
50
401
580
232
181
173
73
349
49
34
82
20
325
1217
34
265
25
1268
49
657
337
49
173
637
260
997
9
145
85
144
250
197
1160
25
666
157
85
58
637
265
146
225
34
313
317
740
85
250
25
576
320
1370
250
26
296
757
13
932
185
130
977
13
425
488
205
793
8
197
1154
148
328
169
964
109
565
313
185
625
82
145
146
250
269
20
122
122
485
149
45
205
122
73
169
50
369
394
53
261
637
394
293
34
272
1098
272
20
562
1
65
194
2610
500
653
433
325
65
74
85
100
169
250
850
173
164
202
740
325
520
370
305
65
1258
137
409
100
178
196
289
81
10
234
314
29
905
673
250
146
565
1160
685
5
2152
325
185
493
313
90
1097
106
833
260
416
442
146
529
32
53
1649
296
1009
929
85
5
250
656
545
85
520
185
229
505
289
457
377
180
125
369
229
288
520
232
25
16
160
65
65
1885
725
221
148
98
2026
900
40
530
1009
1098
521
25
85
296
64
657
64
425
85
8
400
145
90
340
1010
2066
225
242
85
761
144
32
180
68
1201
64
905
346
180
116
145
401
625
954
569
221
100
157
676
320
850
36
26
333
457
634
612
36
625
292
225
144
313
260
109
169
325
709
346
305
29
290
229
1769
85
52
458
101
290
305
18
481
29
629
773
1394
872
410
125
260
274
317
58
80
40
260
848
122
146
522
61
458
457
45
49
197
196
49
90
458
288
148
170
424
290
41
505
850
901
200
340
481
25
1268
144
362
529
1369
225
36
848
125
116
9
521
170
292
521
410
373
421
689
100
1024
49
0
272
45
520
325
104
109
85
773
954
212
149
293
130
338
890
2
1088
436
181
32
10
80
164
288
8
260
218
25
1089
317
370
538
0
109
394
1156
229
397
5
5
298
424
208
121
64
36
148
404
338
82
73
962
29
2504
178
1773
41
1025
49
841
425
629
82
349
17
533
265
1181
909
100
153
1181
157
545
180
170
485
482
410
89
17
13
256
10
113
32
128
520
405
260
985
125
340
292
625
4
361
9
89
181
16
85
405
225
373
466
97
386
61
137
52
65
85
610
365
356
485
229
101
936
169
298
41
173
1013
793
145
25
610
26
125
1424
109
80
677
81
980
386
328
157
121
296
288
234
272
360
36
109
1480
181
205
149
545
226
1066
773
85
1069
144
145
2113
324
10
64
232
32
601
260
293
25
20
34
0
650
578
178
164
225
425
5
1
89
765
180
784
400
58
788
162
8
392
101
26
514
1625
785
584
405
153
289
628
317
1
205
328
97
109
52
482
445
37
101
50
1073
666
554
365
185
425
153
85
117
810
656
409
90
65
53
353
40
901
180
292
980
538
50
325
136
58
194
52
1768
1089
36
565
9
296
233
10
53
1658
328
901
113
144
369
1066
65
164
194
328
1
125
461
901
601
137
221
629
269
313
629
5
36
397
401
925
320
397
64
1313
85
340
1220
109
122
101
290
529
610
169
226
808
185
8
436
100
18
98
109
328
320
17
5
65
488
160
1282
533
477
85
40
313
593
153
296
208
61
180
45
128
1226
389
325
45
340
178
5
340
218
145
425
986
212
362
137
229
661
100
100
52
257
245
1049
634
877
73
100
397
10
530
106
680
41
122
490
765
640
916
193
9
122
1985
272
441
1105
34
269
104
1348
745
164
1521
388
365
130
1082
36
137
493
306
178
9
1037
689
493
26
41
746
2312
493
169
353
125
148
1
884
45
629
97
610
324
169
212
593
68
554
260
2257
85
500
468
845
365
185
137
52
130
136
58
850
1282
41
52
25
1285
36
514
2
212
1093
520
481
81
146
634
20
9
9
145
89
674
661
65
692
554
242
17
130
257
425
50
1160
122
794
657
441
34
125
181
9
788
170
576
340
1130
493
125
53
533
1025
450
653
317
106
89
90
720
73
932
37
986
340
533
740
754
97
16
169
25
485
149
90
13
49
81
10
212
185
260
90
136
185
634
136
685
580
666
340
1066
425
144
53
1
221
17
1114
13
338
986
260
34
97
17
361
68
221
592
1130
148
65
325
442
65
157
965
17
289
226
901
25
116
212
232
136
146
1225
577
144
196
365
9
2
493
8
45
64
442
565
1360
680
37
585
292
306
4
85
208
194
13
160
538
218
290
292
697
146
349
148
400
898
26
205
485
333
1210
218
85
1076
234
221
477
1325
260
242
53
52
373
505
505
61
149
500
274
1525
612
458
144
296
468
106
20
349
53
89
52
41
72
370
32
173
101
205
181
90
205
821
370
833
130
162
916
121
1130
233
265
2
557
794
377
1476
505
377
144
325
20
257
148
205
242
232
673
36
5
949
10
320
13
181
425
178
680
65
74
0
745
40
72
145
157
745
425
1682
500
234
106
1
34
85
914
181
1
4
36
193
409
58
145
866
305
521
26
160
296
530
164
578
765
1145
117
144
18
100
565
265
269
274
289
197
64
242
32
208
85
181
72
281
218
346
226
676
193
450
85
538
180
1261
305
106
196
661
277
772
746
52
490
52
26
160
666
405
400
169
405
125
34
97
121
640
436
80
85
145
1585
356
157
202
689
205
305
169
653
65
218
101
4
584
425
533
229
360
125
884
25
650
730
801
10
941
50
290
445
325
274
18
145
362
181
628
61
340
13
677
116
65
130
13
788
10
325
116
829
442
32
89
650
265
272
65
173
365
74
905
260
981
234
1280
481
257
26
73
169
117
197
370
144
1060
757
370
208
1156
0
634
298
146
64
205
450
68
421
122
725
5
1300
106
257
45
576
181
65
146
50
661
274
146
260
404
125
26
52
61
2248
689
292
1394
445
1258
569
466
52
10
164
53
20
548
692
17
4
290
1089
196
49
421
233
410
200
673
562
121
909
229
317
1000
74
5
289
1224
34
218
97
1450
680
36
1352
520
49
9
545
290
404
400
25
577
1514
585
26
101
194
65
81
13
225
109
137
416
409
225
0
106
233
90
50
289
821
125
85
193
482
18
265
13
801
225
164
745
121
178
493
488
288
225
340
13
965
370
1514
325
730
180
125
317
64
173
85
116
1466
50
356
625
125
20
514
26
90
25
164
29
325
305
52
85
740
225
241
241
820
1220
52
290
85
288
85
388
290
1145
288
394
613
130
370
2
164
272
208
58
2
313
274
1105
274
100
149
289
557
169
325
1073
49
97
74
130
464
338
97
68
445
405
269
724
529
720
122
794
80
74
13
113
256
370
346
225
901
232
153
16
136
145
410
409
85
164
85
185
173
80
85
905
170
180
365
389
401
218
404
97
41
173
530
986
584
289
832
80
617
544
937
169
740
400
196
290
145
200
53
36
58
337
698
221
29
164
144
89
261
313
4
81
81
845
40
666
5
146
73
137
637
261
64
529
269
41
757
360
338
256
1105
269
194
34
425
25
121
137
1000
289
485
500
9
17
601
529
272
64
17
281
10
544
1010
712
73
29
520
490
52
104
365
725
16
197
17
49
1250
584
221
136
90
265
305
1025
257
625
1
194
585
122
2
197
61
113
185
173
196
181
20
73
1192
986
842
16
64
461
65
333
986
50
416
290
68
250
146
533
20
785
37
241
1642
116
477
458
2
9
1460
212
52
173
484
53
225
229
541
74
193
377
265
65
733
1157
260
20
292
325
65
272
900
32
125
170
274
45
401
113
400
121
544
2
26
25
244
149
1249
25
82
104
733
5
116
314
650
274
1585
290
9
32
617
205
290
468
121
137
421
290
9
585
229
41
128
40
58
661
20
580
122
325
3005
292
445
773
185
160
144
305
5
250
346
289
146
2
116
4
449
328
149
173
377
117
586
265
761
36
100
20
146
181
8
290
234
890
545
541
125
305
485
149
16
257
274
113
514
712
122
533
4
610
170
13
250
73
626
890
389
482
185
200
41
281
130
194
1360
149
298
625
100
484
2
1313
353
65
289
317
370
890
800
709
173
333
109
337
338
212
162
145
260
425
724
250
25
80
333
85
101
260
25
13
1
85
64
82
97
130
226
117
145
449
1453
481
544
173
5
461
202
68
149
449
41
394
1521
81
1025
170
370
250
328
125
410
529
49
180
122
128
136
145
293
45
212
137
68
25
289
445
122
197
360
109
261
433
64
234
65
1396
244
1682
13
146
125
848
673
45
493
1021
625
625
16
85
157
100
1300
370
514
145
4
25
148
196
305
689
505
697
205
49
221
410
325
305
49
785
793
109
898
125
125
101
200
482
410
104
117
265
16
25
205
712
244
821
13
241
169
68
509
8
324
340
25
785
193
425
689
980
549
202
116
74
634
72
145
109
36
729
136
17
337
468
68
801
585
612
164
144
488
116
1053
841
365
82
50
452
845
272
1040
10
181
522
74
333
81
121
49
873
185
290
500
1010
450
290
160
109
305
250
628
541
164
160
580
818
185
409
250
313
1013
461
2885
37
661
325
1594
288
137
170
689
1370
58
125
292
1937
493
1493
20
10
117
2465
1157
144
277
145
34
194
410
1573
116
1300
557
277
325
82
116
1585
257
274
740
325
1157
130
50
545
101
89
562
205
90
208
45
130
640
18
325
25
101
226
26
1061
325
117
409
313
58
221
61
881
585
520
196
89
80
81
625
845
320
196
500
144
250
521
0
169
45
194
317
194
74
305
485
61
26
757
97
25
625
157
5
170
328
13
200
788
101
89
144
178
80
677
1082
653
121
625
194
545
425
169
360
90
641
1082
68
82
925
9
200
565
401
257
61
50
1226
337
157
200
185
424
8
313
520
850
269
113
196
17
17
26
106
689
250
394
800
637
89
328
85
148
130
37
41
4
394
1
37
650
37
185
90
1130
324
738
148
365
9
533
340
89
369
125
100
785
61
346
296
106
49
1
200
968
221
29
25
365
169
64
193
181
52
221
101
25
2353
146
241
233
193
1565
298
241
169
325
250
144
1225
232
260
541
0
676
85
20
1924
72
121
452
305
290
449
625
130
137
365
293
250
9
256
85
1301
37
340
445
157
34
397
234
34
26
629
425
493
740
5
162
144
449
40
545
196
745
865
289
245
529
464
170
425
65
1
144
593
554
45
338
797
113
109
404
1010
305
265
113
8
221
820
277
337
10
10
145
458
698
20
145
65
37
773
485
106
136
40
1
986
457
80
389
53
169
1570
153
370
1301
832
125
2120
360
101
122
122
64
346
405
148
45
964
196
73
212
73
18
226
212
666
212
680
212
80
477
272
493
226
242
41
386
772
298
25
85
85
82
404
205
569
1405
52
73
320
50
265
281
121
788
468
529
72
181
1040
298
5
53
100
26
1125
68
562
97
194
130
109
125
481
401
136
585
61
386
218
260
130
37
128
234
325
277
185
272
36
185
794
101
64
65
1093
229
333
106
162
157
178
656
365
317
650
180
853
337
949
0
25
1025
290
954
349
425
205
2
49
484
389
425
89
1117
100
82
657
641
100
221
421
169
244
673
388
845
50
58
145
128
785
125
337
137
64
212
20
800
601
820
1746
397
1305
136
340
328
676
82
8
250
85
225
425
221
968
205
353
853
200
346
1168
677
314
65
89
185
104
65
185
522
18
288
26
785
578
137
401
169
298
405
185
877
144
520
81
290
73
10
976
148
353
1172
65
793
64
500
65
793
289
272
41
25
320
305
405
146
53
505
117
505
89
793
208
208
20
117
485
233
369
20
232
17
173
1508
178
98
292
1321
445
185
85
221
104
584
36
232
49
181
445
1066
545
386
1250
464
29
113
65
208
9
1664
185
40
370
397
260
234
233
16
8
333
221
5
405
409
1810
296
3109
82
488
4
277
82
388
250
802
520
730
548
601
425
53
205
164
724
565
260
65
1066
153
146
953
565
85
20
625
586
193
58
10
13
178
505
338
325
377
1220
65
586
729
281
109
205
205
349
101
905
185
1480
122
1033
81
941
53
625
436
442
74
421
125
232
778
317
52
17
925
5
656
125
53
164
170
1009
97
1156
25
181
612
148
293
221
289
377
1082
313
477
400
821
544
8
445
200
149
853
397
545
173
313
2017
104
324
488
794
194
106
10
53
181
205
4
16
349
2125
20
61
221
13
145
697
400
500
257
100
592
20
346
800
85
37
13
130
820
136
130
261
170
116
45
425
765
488
170
793
149
109
49
117
929
333
137
218
234
274
5
157
13
409
221
697
36
400
146
100
365
1508
178
338
9
1225
37
50
173
922
73
562
20
1130
145
145
149
466
289
260
340
145
356
346
180
10
36
130
720
365
100
565
793
656
386
200
45
0
10
1296
544
16
61
40
116
404
49
2053
9
41
320
274
85
290
10
89
941
900
85
89
233
65
50
410
85
578
1013
128
740
45
320
100
901
1010
689
37
722
405
592
64
305
170
725
185
289
97
250
32
145
170
185
314
101
73
202
490
325
244
45
81
1233
1972
850
25
145
461
109
405
20
676
673
100
666
650
41
914
509
9
29
256
181
72
290
68
405
386
125
100
377
40
500
130
25
685
676
29
629
61
349
340
82
80
169
324
116
1090
281
153
185
877
17
400
530
194
1730
785
881
181
298
85
500
149
433
157
592
49
17
425
545
226
674
1
293
26
261
909
373
313
1
116
720
113
218
200
202
10
136
985
485
313
89
377
680
580
281
40
64
65
20
185
628
34
25
292
1
625
257
349
400
200
85
1
185
490
328
298
293
425
50
778
260
265
89
212
45
545
185
530
65
272
2
365
890
689
160
965
298
65
1156
965
2
200
101
653
196
89
362
530
37
125
65
49
65
370
9
1
25
677
49
445
34
226
41
1090
18
117
997
65
72
194
562
373
365
712
404
41
298
181
754
125
784
980
634
314
290
256
274
157
549
26
40
698
73
202
196
157
136
425
245
2
277
593
793
818
656
356
5
81
1602
0
466
530
1053
841
4
64
97
482
80
298
53
720
65
20
530
244
650
292
281
80
925
272
514
50
740
45
113
136
34
229
337
1666
173
788
106
317
169
113
61
289
157
242
97
1037
256
333
404
221
10
449
1
337
1746
900
730
181
36
325
205
482
338
136
49
200
200
333
81
89
785
137
325
233
337
45
442
116
290
121
250
65
16
509
853
445
629
410
488
50
745
328
41
58
346
160
1088
180
845
661
64
388
169
488
901
305
45
281
109
730
877
145
145
185
36
53
212
50
194
424
37
242
757
221
13
194
442
180
4
4
117
36
125
481
362
157
37
145
130
369
72
610
170
313
436
441
901
1098
242
125
520
256
98
305
290
1073
185
68
650
26
13
80
82
650
144
45
16
4
4
296
545
153
72
848
857
116
754
52
208
68
40
625
884
13
181
848
549
85
269
170
520
17
233
26
234
530
65
40
1096
441
369
74
144
149
64
340
257
100
49
13
549
1384
305
125
922
130
580
53
401
145
377
169
442
356
90
325
512
1105
481
64
13
50
986
640
170
293
45
1305
1049
361
16
490
58
25
793
369
116
337
360
578
800
340
520
244
226
725
650
74
360
685
733
85
1049
90
676
169
425
205
661
401
121
170
169
242
17
493
148
218
356
477
373
196
353
362
709
305
97
505
1258
961
481
674
136
34
20
1205
325
1010
305
1130
58
785
389
74
585
202
85
250
400
256
25
1460
81
509
194
125
17
85
144
49
125
356
257
32
296
360
212
90
1
520
4
464
1
65
0
185
829
610
250
162
221
545
173
5
676
324
416
226
125
962
689
202
500
666
81
178
146
37
596
169
61
221
52
1
290
16
34
13
821
313
337
333
521
493
1445
900
692
17
25
257
29
25
205
36
185
136
36
1
712
17
625
225
208
1009
226
170
493
208
100
125
765
36
421
365
657
274
8
125
808
205
25
500
954
585
157
433
554
356
1233
925
40
52
394
1421
98
121
1
160
29
401
400
388
81
52
109
1069
100
232
265
466
101
1109
610
628
122
325
442
738
761
212
145
45
530
832
194
205
1274
89
290
338
65
612
317
122
153
449
576
701
25
125
109
505
89
458
212
404
45
80
109
58
529
692
596
185
16
377
845
136
442
202
245
2
208
234
365
29
333
16
584
80
745
580
697
845
146
218
405
194
146
548
146
634
98
128
794
97
197
970
325
169
148
26
25
288
40
101
586
53
196
261
545
170
146
360
117
125
362
265
164
404
130
170
4
425
130
290
306
1170
146
81
265
320
81
569
461
445
53
421
320
34
170
1413
25
170
629
468
10
962
160
170
16
333
41
90
10
194
61
125
458
100
25
293
180
80
640
1108
269
1049
281
340
85
164
296
313
328
81
353
674
193
49
292
13
541
148
257
225
349
85
512
121
170
185
529
61
73
1370
325
932
205
778
2
293
1250
290
962
289
9
788
170
360
196
936
346
196
170
776
89
1233
529
41
481
145
5
1124
290
820
1000
313
500
580
185
388
50
488
97
337
612
61
788
32
193
117
4
509
424
100
901
369
4
613
145
1373
685
49
153
1
178
17
73
68
522
674
586
292
85
585
178
64
445
146
306
181
116
477
149
377
394
101
0
85
509
65
130
289
61
754
877
441
900
873
1538
1489
904
4
541
0
277
85
1
130
565
130
8
34
157
122
180
106
106
37
202
97
64
362
349
866
449
1000
650
145
680
250
305
144
612
233
169
149
725
169
148
170
500
738
421
109
169
577
554
745
314
50
290
577
1354
104
170
116
954
904
514
26
113
442
314
1000
164
145
637
65
173
356
1448
100
148
208
493
305
90
545
500
145
1010
49
306
17
800
340
173
181
1305
377
485
90
116
265
585
170
36
122
261
1184
233
73
130
74
9
340
173
514
592
2
1570
464
905
820
305
170
613
146
490
612
386
485
706
509
441
1
178
17
274
89
160
773
100
82
698
169
2
424
452
212
562
1224
241
272
776
509
200
370
289
9
242
5
200
117
857
4
712
81
866
25
40
145
373
10
538
145
626
241
0
245
106
458
89
9
200
765
241
288
386
9
833
650
548
9
577
40
212
298
2041
157
58
585
865
125
122
450
85
65
468
53
104
325
949
754
544
377
1954
256
185
970
468
9
205
49
113
242
185
125
290
58
1525
416
626
769
533
565
317
305
338
106
884
97
257
194
58
200
109
250
1
197
482
226
193
130
362
1444
225
260
36
802
49
464
746
157
317
629
5
136
40
968
229
137
130
74
169
202
178
68
85
274
225
170
530
325
673
160
625
333
113
578
436
50
65
52
26
850
58
680
157
1250
292
340
17
272
16
340
289
1480
290
225
145
64
16
202
85
181
225
229
18
178
113
136
1009
160
90
10
145
416
106
625
197
841
1060
68
490
197
17
1601
626
328
9
932
1250
1521
1096
226
250
593
117
458
80
45
306
545
185
404
136
1234
313
202
373
1285
793
130
169
221
565
13
4
89
370
505
40
52
820
388
113
612
181
146
50
505
20
65
144
53
538
337
562
666
370
41
229
404
484
674
850
40
185
5
202
809
1746
261
34
136
353
101
900
292
313
193
53
481
45
45
153
25
225
676
425
365
340
160
905
1492
2
53
265
628
85
233
250
274
197
292
226
65
170
521
980
461
1
637
937
153
229
360
164
181
370
356
260
1369
425
34
122
116
617
34
389
34
81
1220
41
349
1424
610
13
650
1130
554
485
10
113
17
565
317
136
325
377
205
298
145
866
130
13
1125
242
61
85
674
170
698
157
292
225
673
45
160
9
288
153
250
26
289
226
281
400
1060
841
970
442
49
10
149
65
296
81
117
545
970
725
153
26
212
265
25
9
808
274
90
353
202
128
340
50
296
1028
226
394
296
1037
1210
146
416
193
17
361
101
50
389
661
628
466
314
288
64
320
306
964
549
53
377
82
256
137
109
1098
305
325
274
106
1378
26
50
689
281
400
170
9
937
985
757
797
260
37
337
64
202
1114
337
725
650
64
673
26
557
10
765
185
125
50
520
153
436
36
661
2
724
226
157
193
9
185
164
104
50
106
269
680
74
562
493
272
113
324
202
97
146
50
1808
306
298
250
180
592
218
377
13
725
34
2
25
458
565
194
101
353
772
557
324
164
325
1066
1480
328
74
557
178
436
425
13
324
592
29
640
337
449
1117
1490
808
20
657
34
2
212
365
1093
296
557
676
288
34
4
25
549
548
740
225
241
244
281
146
410
554
121
2
20
25
125
128
545
1184
890
245
100
661
520
61
49
169
89
292
362
724
157
610
164
100
625
193
377
545
884
5
625
554
650
724
145
656
97
298
36
250
445
256
148
410
170
25
881
104
104
50
545
225
1252
1124
333
544
269
356
657
185
1138
2320
208
1
45
194
221
194
53
61
290
34
569
617
2
442
82
1913
1040
180
281
337
74
49
605
401
49
257
61
320
290
9
485
1
8
293
221
137
785
337
148
232
832
65
1
162
533
5
584
1256
90
36
116
234
674
128
260
549
226
73
29
424
1597
593
32
584
8
122
640
580
58
9
298
468
234
170
200
181
145
82
68
596
20
449
290
53
25
29
289
145
145
144
272
9
64
41
164
218
65
617
41
65
145
370
365
16
353
845
610
221
162
557
90
277
505
452
256
389
761
53
36
265
884
100
369
964
49
196
121
925
13
32
245
346
866
1157
884
226
425
34
850
425
101
109
205
26
484
377
101
82
225
421
842
145
457
745
468
64
314
10
9
194
260
52
689
25
74
178
277
397
2017
586
580
461
162
613
445
290