53
674
274
520
164
2005
104
250
541
738
689
5
82
170
226
404
64
656
293
445
4
113
369
149
937
125
634
698
784
100
125
193
226
445
18
361
137
450
5
1205
290
277
241
505
193
289
386
577
776
290
45
484
200
148
128
5
481
185
68
242
25
421
592
754
244
74
233
657
125
169
73
109
2
356
180
5
625
89
256
196
117
1060
392
180
305
530
145
324
325
74
985
226
218
362
292
666
325
122
724
442
25
677
410
9
1017
245
436
436
641
10
458
481
160
290
461
197
13
100
137
26
25
2
193
1010
1341
36
169
109
196
260
9
0
1413
196
272
68
986
104
296
233
288
97
26
274
565
194
425
29
85
409
377
820
244
144
125
80
433
274
549
260
137
841
338
409
340
272
793
90
250
416
338
125
50
484
1210
225
185
1301
576
317
241
997
218
612
153
866
260
389
218
104
333
9
125
40
58
218
17
1565
389
292
85
26
85
1017
457
178
593
116
800
361
356
233
185
170
577
225
928
72
260
226
2329
229
1314
25
58
26
194
250
549
250
90
250
493
117
40
162
1042
340
49
493
205
101
1186
306
360
200
229
761
773
877
97
193
305
113
185
730
50
778
785
369
80
36
436
333
200
274
73
10
125
61
16
200
137
865
904
394
650
2440
932
370
121
13
125
369
274
1090
101
64
265
82
936
153
81
16
421
17
81
41
25
533
4
20
145
337
400
538
421
320
145
40
545
512
578
922
121
313
130
421
281
325
130
2000
884
1117
178
8
293
193
338
34
205
25
281
549
820
34
353
196
580
64
1160
32
389
36
164
68
905
1280
314
1690
40
100
50
72
1556
89
90
26
305
170
130
314
8
181
13
17
122
290
261
356
9
169
116
40
180
53
41
801
2561
373
706
685
125
353
121
225
697
41
317
157
197
369
481
232
244
181
58
49
724
373
29
745
1549
1201
265
416
533
680
5
145
680
13
961
773
1657
388
200
468
106
1697
260
8
377
144
164
901
73
74
80
2
441
656
1237
325
41
148
1192
520
52
356
800
170
794
144
1156
52
125
10
269
1445
85
394
338
261
221
180
200
457
16
170
4
314
193
74
65
356
778
257
269
221
1544
16
121
425
116
104
657
36
128
20
40
100
1
85
205
569
250
260
833
122
164
241
85
377
65
49
650
116
653
349
136
18
289
673
265
936
169
769
64
250
121
650
1717
745
5
90
200
466
386
865
125
2
64
36
1249
505
866
180
1168
29
202
293
850
169
61
169
37
25
245
965
65
293
1573
1
932
20
612
274
305
1813
113
200
45
90
628
245
52
305
232
346
505
153
256
709
74
468
625
697
433
340
64
634
18
1040
37
293
565
116
709
377
130
130
245
449
4
8
765
1
196
61
373
520
82
689
442
157
45
265
85
305
722
245
746
362
317
145
577
425
1453
10
53
49
153
324
58
137
416
697
1154
720
425
697
729
49
4
4
101
218
306
17
250
25
505
1
848
245
410
106
58
64
49
13
29
337
500
281
64
85
234
410
1378
50
289
37
36
1313
1525
1
89
170
313
130
218
100
225
292
521
797
250
500
101
65
80
137
261
29
64
305
1378
148
305
801
157
289
13
144
346
289
477
205
25
464
637
386
1682
985
272
208
373
554
170
305
130
306
509
338
754
180
8
400
650
1205
232
458
20
229
185
292
1405
325
500
65
1602
244
298
388
320
73
404
226
493
9
661
650
337
26
481
269
34
52
244
45
25
909
392
202
424
2
500
122
72
101
53
724
256
521
50
1296
445
281
400
148
241
866
509
260
146
265
290
405
970
585
677
505
512
1460
281
389
197
320
2
181
148
857
169
397
706
160
36
452
100
353
145
49
32
505
50
1066
5
481
221
85
369
40
64
680
673
17
1306
610
425
325
90
153
185
17
153
37
90
101
205
370
313
34
505
410
353
610
289
64
74
482
404
692
445
265
5
324
337
116
241
738
404
305
45
226
29
692
1706
169
445
793
106
493
164
317
1037
377
1412
1
40
144
106
122
365
85
125
505
293
205
81
405
450
25
538
733
1
9
125
884
34
50
377
656
373
841
985
1010
45
74
373
586
3650
121
401
1525
289
458
754
320
260
242
610
2
121
464
106
761
80
709
205
169
100
2
145
820
1160
1125
692
145
353
125
1810
101
865
289
185
484
488
241
196
1305
205
101
488
17
306
125
394
410
85
769
36
13
386
1224
353
90
433
260
160
1000
320
514
81
788
2257
433
1145
1405
250
73
25
229
130
257
488
577
104
25
250
1465
340
65
1
586
1493
1069
424
212
533
1361
793
32
65
170
500
250
576
178
1354
61
1042
260
421
842
125
281
178
389
628
445
821
305
146
481
733
65
674
1604
225
9
100
61
392
361
730
98
1413
1258
776
144
306
185
305
101
1924
181
106
1156
148
74
13
1665
16
706
289
544
68
81
25
338
505
484
97
64
1010
148
298
40
221
829
698
445
290
1618
388
577
25
857
244
442
221
673
333
41
8
661
64
1125
533
481
292
218
122
650
9
697
410
397
106
257
685
445
257
689
40
260
1210
842
202
121
1037
289
325
530
100
949
625
356
661
170
25
922
101
72
113
261
100
625
841
277
73
173
305
36
137
317
986
49
1709
433
148
409
148
365
229
100
445
265
317
490
493
320
785
610
260
98
65
144
325
745
169
401
1076
52
442
81
13
4
13
961
810
221
740
365
157
520
397
185
340
482
104
185
421
25
113
73
845
100
145
250
250
673
464
250
290
122
905
680
1160
45
61
61
464
490
356
1138
569
338
605
109
178
1225
324
89
442
196
650
40
977
290
10
580
1241
226
113
49
793
160
9
505
425
1
100
841
100
212
137
4
1517
16
296
169
20
226
509
218
333
148
1585
325
18
104
53
450
5
169
1225
409
349
725
225
5
181
117
356
173
180
260
548
85
17
104
493
746
442
180
85
365
37
257
64
196
424
146
900
162
49
205
125
909
260
265
2313
629
809
761
661
421
137
4
2
149
125
277
1153
53
784
586
306
4
146
18
45
305
52
596
377
116
136
153
170
325
109
544
265
10
137
52
292
340
980
400
241
1961
241
324
949
733
136
145
117
928
482
225
436
37
725
45
50
578
433
324
4
793
250
4
233
712
36
1192
100
389
548
617
205
73
20
4
865
10
733
901
153
562
200
625
613
290
538
557
18
52
424
845
765
242
50
1370
74
1066
450
53
793
137
765
617
549
257
160
137
148
628
365
909
170
1602
36
29
389
200
701
157
225
100
593
340
481
144
925
2664
260
170
100
628
625
656
410
698
356
116
61
324
0
997
49
233
290
680
261
146
1225
520
269
205
1025
325
981
50
101
468
234
169
425
370
832
1117
554
754
410
250
697
5
361
289
58
392
50
797
125
545
100
1225
637
40
450
65
313
45
137
1352
85
109
377
61
394
225
200
25
169
2
130
650
200
17
64
1157
225
1037
146
298
1105
116
850
45
82
392
34
1417
4
409
160
362
493
544
100
117
493
512
349
181
458
81
164
592
4
256
29
244
169
101
170
157
113
229
130
965
34
85
125
164
29
333
505
1
468
676
306
313
346
1384
520
81
74
144
160
1
1082
296
16
29
793
820
200
725
4
328
1616
81
457
65
100
1640
873
884
514
170
730
218
17
306
212
761
610
65
729
45
493
81
394
104
173
233
226
125
965
234
605
41
52
130
1
850
625
325
337
481
169
325
557
16
500
650
820
340
45
197
194
325
26
640
449
68
794
37
325
8
160
1378
61
1205
548
205
386
370
605
625
65
121
81
109
125
36
162
40
169
514
85
729
29
10
317
82
104
9
34
325
64
1
81
34
757
73
109
261
754
181
442
296
121
746
185
148
802
1181
73
25
40
370
872
0
233
40
197
185
1
82
394
9
512
58
488
212
49
64
538
409
130
261
772
809
81
136
130
170
2009
274
629
194
377
292
116
180
40
269
169
40
148
26
125
221
445
145
529
337
257
832
157
85
205
81
425
185
16
1602
200
49
50
116
36
98
2473
34
130
457
29
2
377
32
200
794
64
293
58
149
16
545
1325
1025
425
1000
80
436
485
360
1025
261
1202
724
65
488
256
250
1124
610
397
90
514
25
90
640
360
64
442
113
265
416
977
337
481
185
81
116
125
225
125
425
128
848
113
648
29
117
425
16
314
170
457
52
121
256
410
128
656
1421
81
785
149
37
5
1450
61
361
1129
405
554
416
85
596
925
80
205
482
754
74
100
145
2
890
234
68
64
61
962
145
845
325
160
205
104
244
724
585
977
241
106
697
520
1037
202
5
74
576
325
954
197
212
306
229
962
185
365
340
773
909
200
200
904
121
578
797
545
125
464
493
117
149
884
290
541
90
41
485
122
610
421
461
74
52
97
676
145
58
10
9
685
241
565
117
64
221
202
1220
2106
353
976
680
157
225
617
4
729
548
493
445
208
922
386
5
173
34
244
394
101
1117
221
290
98
208
392
1073
245
349
410
1040
1168
0
169
1040
650
425
157
601
305
196
125
125
232
520
90
125
49
4
328
205
520
586
1
369
482
356
404
185
1285
1053
1261
10
289
265
1345
277
2
296
585
180
41
1802
145
90
260
477
477
1037
162
80
128
130
841
601
265
949
164
370
2
40
545
377
306
968
449
298
125
500
1105
1226
612
52
20
317
100
53
25
10
36
530
106
1345
260
1073
80
193
16
145
225
20
173
328
500
466
160
386
89
58
197
180
194
1570
320
74
730
130
833
148
41
13
260
116
125
490
733
1145
1
986
52
514
45
25
37
405
761
274
272
353
986
128
445
1305
269
185
145
205
260
250
20
20
1313
0
41
9
244
65
72
101
193
221
162
320
136
641
596
317
130
656
37
109
109
845
5
401
121
353
221
85
181
52
136
1130
754
500
521
4
25
324
26
1493
169
400
29
194
36
68
464
1385
144
500
386
269
325
241
36
365
964
26
925
45
244
100
1
641
130
538
625
661
148
493
320
493
61
65
442
202
765
578
164
533
52
50
16
757
104
738
181
17
260
505
466
64
50
576
709
325
317
601
292
674
185
61
121
90
149
45
340
765
113
793
1285
328
260
100
397
1124
458
272
157
250
196
1033
272
801
596
256
785
136
125
232
74
8
425
81
97
386
305
850
245
25
296
61
116
450
1105
541
173
269
1845
85
32
2
244
180
877
562
452
757
1154
1172
117
613
706
32
65
101
109
370
850
225
596
449
361
130
394
765
148
148
100
106
136
26
433
160
58
100
106
333
29
146
505
1125
250
61
106
64
9
1073
98
580
144
610
289
36
40
337
212
9
245
346
1042
145
181
116
848
369
136
481
74
405
85
25
146
328
122
1225
260
106
178
373
104
250
193
218
634
673
1018
514
541
698
1864
58
964
461
290
293
53
337
74
292
410
265
80
593
5
0
244
1117
1557
212
400
34
250
850
500
650
65
229
586
325
305
61
122
2225
64
349
485
293
394
109
65
841
146
101
20
25
113
117
685
788
37
554
1109
109
754
13
557
16
392
409
117
242
706
648
421
529
205
337
520
521
845
9
226
1060
289
169
410
626
25
121
221
257
578
5
634
64
145
100
416
365
629
905
488
353
1060
265
613
625
305
1369
36
544
53
256
40
360
985
180
404
205
397
265
52
125
169
521
18
4
8
778
17
90
485
274
104
464
41
800
148
136
468
104
328
421
205
68
416
305
338
1377
104
49
170
793
185
296
5
661
64
356
578
340
149
221
113
810
493
1060
1
970
58
493
1745
445
416
1125
65
697
122
296
5
50
361
85
1450
0
324
324
1
101
389
298
4
181
170
586
45
52
146
5
218
333
450
130
53
145
1570
80
481
541
244
601
904
144
450
164
776
49
1028
725
313
458
125
50
97
100
1
544
1989
928
324
20
386
208
265
137
802
578
386
1465
1098
290
314
592
136
148
360
757
81
361
260
484
157
832
890
85
802
260
800
928
884
1076
125
81
205
292
136
16
274
445
41
397
256
269
74
401
962
533
130
221
325
197
162
256
257
153
117
146
445
145
145
25
977
145
349
466
10
314
250
296
197
533
397
765
1418
52
37
401
800
50
400
725
449
149
520
178
697
25
233
325
169
202
1937
314
1
197
41
272
1154
144
205
109
272
765
866
29
20
477
2
144
229
109
121
289
500
185
218
169
356
405
833
208
58
25
1125
657
629
1346
404
509
72
809
170
848
153
425
50
353
1105
666
260
356
233
121
1
257
205
425
64
193
61
1521
305
82
226
493
2249
729
520
521
797
250
1513
194
377
74
225
145
61
377
13
485
314
353
778
1193
793
877
338
740
881
977
58
1210
613
100
442
298
68
445
585
701
137
125
274
58
362
2017
117
162
1105
17
50
725
20
337
265
85
562
585
9
5
808
26
872
122
29
226
205
361
61
314
74
170
1105
325
305
596
116
1
925
16
914
522
261
113
740
25
1037
549
117
548
549
109
98
194
85
388
17
901
328
244
200
1450
225
901
170
185
565
901
802
180
1565
233
356
82
36
709
274
225
314
1
74
225
170
577
10
74
1557
449
353
202
925
765
338
657
449
113
144
137
113
289
65
477
16
512
16
848
169
125
5
365
541
298
100
49
178
82
85
9
113
929
709
185
2146
169
676
257
37
74
701
10
221
585
529
157
720
637
26
965
320
650
533
442
200
32
389
745
701
1
18
121
400
241
450
178
16
144
170
162
256
181
242
260
1076
458
149
269
1348
1114
461
45
121
200
50
68
2385
1125
125
458
149
136
225
37
226
65
250
5
820
544
180
74
185
53
194
26
50
136
373
865
25
353
1373
1321
109
18
8
221
205
661
116
185
1098
221
149
729
545
1073
9
136
464
260
20
241
1170
1
1481
346
765
73
673
445
125
80
170
274
548
1225
16
850
401
281
1808
481
242
361
738
288
698
74
125
925
50
464
785
292
441
296
1217
424
701
698
305
40
25
16
148
85
394
130
305
234
1033
901
592
116
113
740
449
260
145
193
144
245
722
116
821
701
324
50
442
162
153
25
730
565
164
306
1450
52
1332
58
442
40
50
157
202
9
484
5
725
41
740
90
785
685
100
29
90
194
221
626
1417
685
37
58
185
269
1
26
89
169
576
101
226
450
82
52
533
356
25
274
801
9
170
53
650
34
1237
5
73
500
205
441
1544
109
218
82
965
9
640
50
1
34
26
593
596
61
701
848
16
49
100
725
544
1156
701
40
488
922
181
346
442
533
226
425
80
362
260
212
441
346
125
20
212
68
340
425
290
404
125
68
698
425
34
697
346
205
45
185
481
53
340
290
173
68
289
733
360
80
113
41
389
130
613
193
29
205
389
53
349
320
325
401
850
232
1685
765
356
1
369
170
1765
706
785
136
113
50
170
17
386
529
533
1360
585
801
225
18
514
233
386
370
145
234
205
200
50
185
488
409
25
122
296
130
1341
692
178
1073
680
548
36
10
522
5
58
200
97
196
2
442
565
765
194
58
244
277
464
250
610
452
328
65
445
41
290
533
153
425
1096
801
68
104
197
185
104
601
101
164
200
884
394
1258
898
232
194
13
153
65
136
170
106
745
116
346
125
404
100
181
641
485
100
145
305
117
36
265
232
328
1025
41
225
296
466
1073
37
288
377
333
772
845
20
373
772
1370
225
205
81
245
85
1300
221
800
205
153
169
1025
32
802
196
361
362
180
485
125
146
180
137
26
229
234
877
314
65
873
61
257
45
13
173
1521
10
101
970
457
197
650
221
500
450
13
1556
89
1714
1028
325
226
232
596
1450
650
218
200
52
325
626
545
121
745
10
585
625
185
872
149
226
85
250
529
634
225
45
482
580
2330
529
493
324
65
481
146
520
58
1
377
592
29
68
232
148
416
157
106
797
488
388
170
90
544
144
218
145
445
457
306
457
130
148
205
548
144
256
353
370
50
18
45
58
200
144
225
25
117
464
185
325
481
29
226
34
452
1
397
130
233
361
244
113
740
314
128
565
500
740
145
10
73
81
370
637
697
1
233
20
269
74
16
458
845
797
820
274
740
64
106
170
64
241
169
450
289
245
778
196
820
373
29
29
26
100
625
962
226
106
730
884
50
185
520
820
493
442
74
628
61
1514
116
196
274
650
850
1237
234
361
32
173
36
409
137
82
101
81
361
40
656
932
40
725
320
202
180
629
197
17
49
16
20
936
170
457
194
97
36
61
421
377
74
29
529
50
306
170
137
101
144
565
81
593
18
578
986
121
180
100
485
937
221
185
232
436
164
185
445
106
386
229
1285
612
1421
234
724
64
554
13
676
40
493
898
221
400
260
548
20
2
1480
289
272
793
361
272
36
50
100
229
160
25
164
74
653
397
820
4
250
29
144
200
576
533
116
260
16
292
533
346
493
106
829
405
562
377
116
170
104
433
832
101
89
145
212
233
241
85
265
10
548
377
52
225
193
274
520
170
137
296
1186
200
37
197
610
338
13
634
25
225
292
500
298
130
109
340
125
450
757
689
562
377
157
16
113
1460
34
221
185
32
785
265
145
360
9
130
500
58
788
260
160
514
40
13
328
1700
265
338
386
466
442
36
468
4
4
50
1165
1
241
1017
485
2628
900
193
1345
80
40
178
533
512
724
740
697
500
61
445
52
629
0
221
20
9
613
257
250
514
1289
986
1352
325
170
16
565
541
256
481
160
305
962
872
37
397
250
169
85
800
580
144
377
340
202
1305
16
122
185
221
340
58
125
50
17
128
100
725
45
10
18
1405
965
1261
144
194
1076
180
117
1445
244
392
724
1700
232
290
250
68
113
245
709
101
461
40
136
445
16
65
533
274
625
8
52
218
85
2125
482
289
125
26
872
50
296
292
360
178
136
452
45
356
74
160
425
130
500
1153
617
125
466
72
745
149
505
340
17
164
772
148
36
404
16
125
122
2105
340
144
340
229
89
16
481
356
244
16
10
226
29
277
865
365
884
801
250
244
464
136
464
1301
117
281
617
52
296
898
136
296
1546
281
634
765
125
325
1
36
145
49
160
109
218
577
170
461
169
121
1378
493
169
85
549
1145
925
242
442
16
8
320
585
656
797
394
360
205
274
178
97
1145
164
765
233
485
400
170
274
45
245
340
305
626
26
389
281
101
136
369
937
360
1060
5
98
137
445
170
36
104
117
296
962
85
97
562
250
260
481
724
274
673
170
293
810
242
269
520
433
196
146
1469
905
193
169
58
689
73
650
277
277
74
980
109
256
362
485
13
101
260
541
68
397
1234
218
410
261
349
1352
194
1224
10
580
180
337
433
125
808
377
169
73
256
153
205
97
144
1322
218
450
193
101
361
10
169
610
1105
265
484
106
8
801
818
101
458
202
82
37
445
370
221
272
800
545
410
145
4
18
1181
1865
410
362
146
226
820
257
244
290
173
293
409
260
121
8
577
36
97
208
562
181
457
613
226
200
117
425
565
274
269
1252
313
584
1010
82
865
389
288
65
74
578
160
5
200
1000
121
586
100
538
17
634
360
314
81
541
82
1090
468
9
500
29
625
625
797
338
325
346
676
170
340
962
445
25
461
13
1060
306
346
554
73
180
305
226
797
65
113
49
50
578
314
200
346
17
178
1289
113
181
842
50
820
85
650
481
261
1090
265
1274
349
698
449
416
81
61
884
121
290
1061
205
298
169
1665
493
64
2050
928
520
421
1465
89
1010
485
298
205
145
153
17
202
74
65
97
493
200
305
533
769
442
1508
200
324
720
145
50
340
117
296
178
169
1090
32
317
802
205
90
125
676
74
178
49
185
277
265
36
97
145
180
292
425
81
400
4
85
82
85
450
116
178
45
400
36
4
305
436
569
305
292
1061
49
80
169
4
612
1013
349
234
45
202
709
325
493
257
200
725
490
544
53
613
325
101
58
10
514
181
90
325
53
37
353
89
233
1093
196
436
85
41
104
164
34
164
386
290
180
793
400
845
229
194
2405
565
241
64
122
122
29
845
261
829
409
425
585
2
4
1066
170
1205
52
113
377
965
208
170
101
74
373
520
180
144
317
340
441
529
333
125
104
29
277
68
4
10
193
481
1105
985
49
16
340
884
218
900
290
349
61
340
226
20
306
260
17
1
1220
58
313
164
265
10
245
1476
628
464
5
1305
218
596
436
146
1152
500
549
20
269
325
125
68
2120
949
73
389
290
73
802
125
521
205
410
16
25
697
10
250
325
232
122
584
17
409
245
250
1165
50
1378
2
16
442
433
1109
650
260
442
569
612
1508
157
288
197
340
802
13
785
541
16
2
820
49
628
193
50
730
208
250
1090
457
562
801
130
4
157
100
74
820
452
361
74
1018
676
853
1930
613
842
522
32
64
1105
320
272
53
592
1213
125
965
122
325
148
452
1
61
1
61
65
225
265
197
1361
685
1145
325
409
725
109
234
850
458
40
18
269
40
353
289
197
373
865
25
65
288
58
1492
576
205
793
49
442
41
898
82
769
400
221
433
370
410
101
754
45
1440
81
52
180
905
725
26
212
612
81
200
410
97
49
104
449
549
61
145
65
122
482
202
626
200
58
628
941
488
197
29
289
421
677
565
468
288
1042
369
64
34
548
197
26
328
16
410
857
25
625
32
410
692
1753
100
377
674
450
49
409
82
194
1010
773
269
136
61
793
265
202
1493
149
234
61
202
490
17
314
232
149
170
370
370
416
49
85
545
565
292
325
306
485
85
325
401
117
296
1258
244
90
338
841
232
130
17
821
601
360
13
1
261
1825
1
122
100
40
785
985
0
545
260
305
1
116
625
25
125
689
725
586
130
9
293
653
337
409
9
505
1000
628
13
845
58
1013
306
410
274
101
328
185
313
36
629
41
229
205
226
74
697
405
337
64
149
450
388
370
685
377
565
520
37
29
10
144
356
101
181
194
901
457
36
289
1165
157
226
89
82
181
626
820
17
37
260
9
1130
405
650
305
650
997
68
196
13
450
194
53
104
202
202
125
882
697
338
724
617
52
340
36
34
1898
178
260
45
296
64
256
122
637
173
585
208
25
340
109
109
425
125
416
520
720
145
26
197
356
421
68
361
290
626
545
306
10
293
661
41
72
997
13
922
49
370
842
306
289
229
353
320
1297
296
629
146
116
317
820
257
226
185
1378
9
697
793
18
73
832
145
1013
1028
41
340
269
90
441
100
194
45
401
29
820
130
260
1453
1058
170
1241
89
1972
1730
333
306
797
1040
104
13
477
97
900
17
89
116
157
580
274
392
85
853
290
74
146
405
41
610
49
1105
100
170
833
305
16
605
125
90
122
820
986
493
173
37
20
130
178
101
785
80
29
317
1202
185
4
1493
202
232
178
369
1109
178
289
34
410
1305
1
725
20
557
260
61
72
613
212
29
325
162
128
26
388
481
361
445
136
425
65
740
298
9
349
401
965
845
65
82
45
53
100
866
370
610
477
1306
148
425
196
477
757
1157
900
272
314
261
232
274
477
17
842
149
1385
136
160
593
730
477
605
317
145
25
185
340
58
85
40
1049
40
212
261
365
170
640
1089
17
5
337
1233
466
29
8
544
1
1373
545
530
1060
1568
9
754
416
4
962
250
169
485
233
349
100
145
833
1282
10
373
605
121
821
650
122
128
1
49
116
400
281
850
985
433
225
1028
13
260
277
68
901
34
400
49
26
36
0
730
509
164
197
170
256
169
328
257
157
10
677
125
1105
261
229
257
125
4
901
58
45
305
34
122
500
17
97
325
850
50
265
637
289
29
26
50
1369
562
720
90
32
274
1042
338
160
130
32
80
808
36
925
80
481
149
314
29
34
641
117
305
146
185
41
648
157
50
117
1949
8
116
650
1
4
125
145
37
85
1325
145
117
153
9
538
877
1525
16
65
325
170
272
226
130
677
754
545
436
281
40
146
877
468
256
625
370
305
170
901
64
730
202
73
277
49
1153
1076
25
2
298
394
100
340
1017
493
229
32
37
82
610
338
40
41
292
113
169
32
5
250
61
89
481
269
565
17
72
16
90
450
178
9
2378
1962
290
153
373
52
754
225
365
130
250
85
325
50
10
1297
125
421
250
442
16
877
197
145
58
325
320
820
180
421
965
404
685
1025
1105
548
64
34
493
41
484
305
328
625
157
1
1060
100
185
801
244
485
689
676
116
565
485
1370
593
52
26
61
1768
520
41
1
1
73
290
394
841
260
394
425
405
81
194
100
25
17
10
241
50
290
1405
226
18
160
20
200
356
288
10
288
164
289
1025
922
121
113
325
61
5
196
13
136
778
485
421
170
233
0
164
0
821
50
130
58
965
845
136
1073
122
233
16
661
81
226
305
178
1618
81
314
109
569
562
17
482
325
145
106
121
221
10
985
125
36
173
100
325
53
73
685
185
0
194
89
1013
148
881
37
36
137
1396
74
610
1
773
233
485
365
242
338
185
169
137
34
410
436
306
250
416
65
9
640
720
74
13
640
144
50
841
314
25
377
130
250
1097
500
520
514
392
101
225
725
637
196
289
125
605
81
450
305
232
706
250
961
260
1130
233
53
18
1360
290
16
169
20
146
424
733
298
16
653
305
58
61
1025
32
1125
1352
50
34
725
5
400
225
41
157
289
485
250
37
877
221
100
202
232
586
689
26
821
416
10
820
106
1234
113
724
397
324
136
16
20
40
157
185
340
90
932
225
52
50
100
709
585
153
90
181
58
738
148
106
89
857
729
20
850
949
362
890
468
20
346
185
245
457
97
500
125
410
1186
389
173
208
1021
392
226
370
8
464
61
208
29
10
305
554
272
962
82
442
98
29
1873
890
149
117
234
530
400
146
277
457
169
0
340
10
1098
585
221
16
90
153
776
877
1018
365
146
314
452
450
200
122
29
74
485
148
493
409
125
36
178
100
980
197
338
541
290
181
104
162
706
325
109
340
610
365
962
349
260
205
104
424
277
45
872
1864
128
306
485
85
20
401
505
64
617
170
25
58
121
585
377
257
530
58
218
208
13
136
290
208
848
610
61
505
578
232
13
445
65
256
281
89
157
468
218
232
74
45
325
677
493
265
225
884
58
788
26
100
52
185
290
738
405
936
820
64
4
169
40
625
386
965
130
673
529
85
193
466
505
1066
25
296
29
169
90
260
1060
850
153
260
29
73
130
1073
1205
72
0
829
1053
145
34
305
1088
160
68
37
850
149
468
4
325
340
232
65
1117
65
810
298
65
530
225
293
610
965
580
677
1060
1237
340
1274
4
73
377
117
1282
800
793
100
82
10
445
445
584
144
244
170
520
650
170
122
221
29
593
629
221
1157
962
554
9
1321
2141
900
250
833
178
205
64
890
41
37
458
425
290
130
205
601
200
169
256
325
0
185
128
242
1858
89
613
520
20
410
370
373
765
29
85
125
137
26
650
82
25
106
436
269
149
50
485
305
1297
745
68
4
164
200
324
157
36
394
509
144
1802
452
346
85
485
765
425
25
890
169
872
81
360
1384
74
353
58
221
520
212
205
82
410
305
121
5
34
202
233
362
641
37
898
365
5
169
314
818
200
392
328
1157
529
873
337
50
529
25
260
554
452
173
509
64
580
25
34
485
45
104
89
225
212
34
85
337
185
130
85
425
706
144
117
50
464
40
221
802
2041
576
706
256
325
232
36
530
265
292
169
100
185
416
261
9
250
101
73
65
16
90
128
477
386
10
97
596
100
720
360
193
208
1
386
545
157
9
145
205
17
34
17
212
401
233
416
530
17
73
26
353
25
361
981
185
170
1565
425
130
445
242
1165
85
730
1828
200
729
1445
338
104
313
797
520
674
290
746
1025
1033
226
261
100
89
1640
968
265
890
164
16
200
866
529
410
125
738
40
50
157
468
340
2209
725
160
1114
260
250
692
521
360
338
40
305
82
145
74
936
36
10
121
1940
613
997
1
208
64
1
37
85
541
113
328
89
101
370
1322
333
197
1018
116
202
136
16
592
185
820
173
68
445
64
610
81
233
170
49
549
101
9
425
34
1213
122
882
109
164
229
545
26
272
605
1385
205
692
18
225
65
18
881
73
72
1073
452
410
729
29
697
218
333
754
1025
265
625
1537
202
146
650
485
445
261
424
52
1028
522
260
0
1352
53
181
185
349
298
104
45
436
185
613
205
289
130
80
1332
53
325
225
292
925
144
145
986
145
73
173
49
36
3690
185
360
340
397
10
164
317
52
98
656
218
170
229
685
866
13
306
8
100
1332
17
34
1377
100
89
724
25
49
5
325
234
146
16
29
925
4
37
10
29
290
281
388
197
586
113
109
68
533
306
221
52
800
200
73
170
185
205
125
218
25
794
405
136
530
848
317
965
0
666
338
229
45
698
41
692
194
109
281
964
185
49
829
205
145
68
388
377
346
153
181
109
169
850
493
5
629
1845
106
90
832
153
324
109
49
500
50
981
160
365
325
53
232
729
97
170
1089
137
73
337
425
100
25
452
377
232
97
400
145
488
442
41
16
8
145
388
160
145
340
445
397
1066
130
73
117
466
225
365
576
272
306
218
144
149
538
317
650
328
512
985
450
34
1145
576
16
261
25
122
725
388
530
173
1345
52
1000
424
208
277
125
10
116
1241
148
808
29
872
401
144
173
145
281
625
73
226
106
241
82
580
832
269
41
281
628
26
130
250
53
169
242
289
200
82
904
98
584
1168
410
613
16
520
244
202
65
400
256
346
41
45
520
153
1181
369
362
52
10
169
25
785
173
1160
193
101
1865
130
265
153
29
137
113
65
401
178
208
148
485
73
801
229
698
388
37
289
8
625
1013
100
164
136
146
377
65
202
1138
325
277
68
25
1928
26
34
1970
146
20
13
477
857
544
65
629
20
289
148
170
130
101
121
784
450
73
130
81
17
338
593
356
185
449
306
29
65
221
25
34
109
45
9
45
225
212
65
205
50
89
772
765
450
4
512
5
130
386
0
1076
13
281
1053
400
41
274
64
197
325
701
97
13
260
97
145
193
130
377
325
225
1089
218
404
730
34
17
410
565
625
1105
442
232
65
164
261
85
13
740
580
82
914
106
365
1933
5
104
18
482
153
130
288
985
785
10
346
1153
100
170
45
314
441
185
130
144
29
245
178
122
116
1
180
337
697
1114
449
221
685
481
325
125
8
41
349
400
689
692
178
370
40
4
100
50
272
89
290
149
205
245
325
765
170
85
13
0
290
36
229
370
153
337
169
362
389
1
193
181
61
724
128
305
953
245
125
97
637
461
409
274
549
32
738
362
26
20
34
457
178
181
113
1033
457
100
130
289
1224
104
970
200
29
0
401
244
482
388
205
170
425
16
13
328
610
137
58
725
136
464
533
106
218
1480
965
125
18
5
482
53
221
26
685
529
533
229
53
410
208
16
221
232
530
250
578
73
196
82
26
160
1042
333
416
274
202
45
180
505
1013
1157
2081
261
85
545
797
1000
148
685
738
170
425
272
97
128
212
260
200
64
85
409
1861
90
256
89
904
37
16
18
1093
197
106
754
4
13
296
333
394
74
450
212
80
8
1445
673
260
500
250
34
697
160
250
178
145
164
49
584
648
449
10
233
29
692
20
148
89
373
356
1546
164
20
730
290
832
370
1025
401
5
272
250
1544
226
196
1049
349
106
578
225
162
17
74
1
922
20
784
49
1025
625
25
1233
1153
32
362
29
449
676
457
730
130
1445
340
392
49
40
841
2741
160
340
765
325
1
389
1609
113
40
205
593
85
328
205
32
809
40
170
50
689
170
370
232
9
461
650
41
65
685
13
293
148
212
149
101
29
25
292
548
109
85
1186
40
34
232
25
709
180
4
130
36
461
490
328
52
397
245
130
100
16
458
89
153
305
50
404
85
72
125
104
89
50
425
538
61
149
689
281
466
441
962
205
949
313
10
36
397
65
4
17
370
109
485
153
106
610
317
740
81
1229
288
29
578
346
104
730
53
245
17
185
52
149
610
2536
85
377
74
106
226
125
328
353
89
277
554
2084
725
1170
153
425
557
433
149
82
5
289
296
9
34
122
293
466
400
442
260
64
61
617
80
65
256
82
641
18
625
148
346
520
265
1010
533
637
785
16
148
370
41
144
53
2720
328
65
97
85
49
1717
45
225
909
197
17
157
68
305
234
320
593
1460
522
8
853
122
250
41
157
433
625
505
109
245
680
1252
529
53
509
205
481
325
250
809
1544
629
73
173
314
424
848
20
338
650
185
458
290
292
362
612
634
325
25
349
421
193
90
340
845
400
265
226
468
148
425
232
405
445
89
677
685
181
226
601
313
130
97
9
613
10
81
257
104
90
148
1313
26
305
361
85
288
5
40
208
1261
0
106
481
617
136
18
505
121
338
205
81
802
40
9
1165
193
370
481
73
74
16
1213
50
53
41
146
113
730
241
401
425
394
37
226
200
81
464
640
353
289
289
45
49
232
20
292
377
20
41
676
16
53
196
490
130
674
445
490
1138
2665
2920
356
25
761
170
530
8
85
1241
98
274
405
778
144
289
50
884
392
1
706
388
9
340
333
457
2554
720
90
576
1314
533
36
245
26
169
585
296
18
90
90
41
797
260
292
1297
113
146
986
64
866
289
73
482
170
226
394
170
965
136
61
416
1066
441
445
32
388
1413
529
514
500
289
90
64
40
101
1189
178
20
149
685
745
500
80
421
122
265
914
196
277
269
2600
277
82
36
185
305
25
1
72
45
149
680
90
125
18
61
340
541
29
260
101
9
410
298
530
1450
194
738
820
221
293
34
328
65
137
305
136
40
26
4
362
586
914
442
250
225
925
225
488
200
173
1217
328
1
1184
157
626
225
324
985
25
634
306
277
325
833
173
746
450
90
405
244
740
218
10
922
169
481
34
769
170
65
490
80
160
612
2106
457
288
481
169
116
26
90
362
1160
82
73
1570
109
36
388
370
10
424
137
848
709
500
36
296
356
346
340
17
73
90
580
289
1233
452
20
356
505
25
9
325
164
857
520
569
850
605
733
340
292
1125
233
801
725
144
116
164
4
20
121
208
200
370
1165
106
925
458
109
34
433
545
545
80
229
722
85
305
761
317
225
130
121
265
305
16
178
181
328
65
754
49
274
538
409
149
442
162
653
241
197
821
584
225
13
373
116
106
500
2637
953
169
738
98
765
729
41
226
169
40
1058
36
221
541
53
520
1181
549
1225
98
125
305
164
1021
9
333
985
706
17
25
144
256
208
4
353
360
389
296
289
1018
458
445
1202
202
125
738
49
49
125
37
450
164
34
765
218
250
242
2194
65
445
265
845
580
5
85
212
493
81
325
409
754
296
904
241
425
148
557
628
905
1010
104
221
569
901
580
981
49
449
100
457
801
425
197
449
36
234
146
1165
221
37
445
73
34
481
153
128
961
410
338
289
829
324
4
409
290
797
116
272
890
117
405
410
181
208
482
641
490
25
65
41
706
1021
290
634
338
34
325
1296
1165
965
314
674
554
548
544
73
64
1098
25
565
433
712
757
493
425
196
1369
1170
250
40
488
272
2993
449
1105
1000
85
169
200
586
8
241
16
1445
650
277
530
74
373
5
514
85
265
274
265
52
457
5
17
452
50
104
461
153
290
36
153
130
820
185
153
205
5
485
80
730
845
65
68
5
185
689
65
68
1908
202
9
226
58
85
356
1073
37
73
666
505
36
25
101
208
29
676
197
533
701
313
137
1361
317
452
29
289
964
52
149
697
928
425
257
353
85
1666
17
121
793
306
689
65
121
73
72
5
148
128
386
337
340
5
485
64
1530
81
245
1800
338
628
549
148
197
377
8
194
425
149
333
400
149
41
477
788
442
36
98
52
464
82
50
173
5
244
405
1170
153
173
1296
289
596
356
160
4
794
1872
388
965
985
170
229
233
113
82
0
4234
5
377
101
482
202
905
50
185
325
569
36
757
765
68
72
113
260
296
178
29
136
146
130
505
261
680
13
845
101
9
370
49
36
61
101
146
256
208
697
292
377
90
58
81
52
250
346
208
410
37
769
325
657
109
160
925
37
585
394
49
916
162
409
416
288
226
628
25
277
130
338
776
421
1097
461
565
269
328
97
164
937
125
45
122
81
234
8
1341
109
212
49
101
100
666
1885
10
225
706
5
362
250
80
0
170
722
481
584
626
200
356
397
232
64
1069
452
200
90
81
225
466
29
369
125
9
610
1396
292
45
545
1517
73
776
369
961
100
757
229
130
610
365
4
104
405
221
1017
81
881
20
296
117
200
442
314
2
185
1
50
205
333
520
325
2
468
361
74
50
50
626
17
145
461
25
845
353
130
61
64
41
241
1076
82
509
1073
125
461
937
61
72
692
250
400
218
697
200
689
25
221
45
585
328
144
9
170
65
740
170
433
250
962
306
10
25
586
80
130
370
61
29
13
85
25
872
64
146
361
2441
290
801
170
657
197
802
882
100
313
405
1
101
441
8
148
349
0
221
100
349
173
146
1445
578
706
13
49
1
16
128
58
400
493
85
49
49
676
5
121
841
221
820
170
97
565
226
218
170
5
85
153
13
200
1553
265
4
202
725
298
185
145
1013
298
293
82
949
52
170
725
1618
1010
170
145
289
64
148
194
50
1530
260
401
180
265
185
1714
4
205
193
265
241
185
205
82
410
1805
445
20
5
601
205
256
565
533
130
185
610
117
5
202
245
52
5
1285
900
317
592
424
680
226
845
10
778
545
340
65
125
80
205
130
82
74
113
80
221
10
26
338
26
41
80
488
122
74
605
628
144
5
400
1105
100
337
130
680
1460
128
810
80
346
37
261
232
170
338
610
145
265
1098
337
232
10
250
226
117
1481
2
65
101
136
45
416
145
196
185
234
85
89
53
125
234
8
160
436
13
257
26
773
49
256
521
272
117
125
928
362
8
250
164
164
50
181
100
202
49
16
650
82
89
89
313
178
17
232
586
1657
362
725
1453
488
1
29
25
145
145
772
169
545
505
65
233
181
180
97
117
757
89
53
32
410
40
89
265
314
689
225
25
250
109
810
82
29
362
505
884
53
149
4
244
101
245
85
157
16
290
13
656
200
545
185
25
701
625
50
25
932
100
1
292
208
130
53
1
53
269
16
148
697
313
853
373
208
9
481
205
306
274
369
274
100
338
122
194
356
106
32
290
433
157
1768
0
361
74
80
162
809
1360
1157
225
325
397
137
17
85
809
842
365
1073
533
169
433
74
261
205
52
58
314
225
445
81
218
73
40
305
50
388
52
548
10
52
629
353
314
650
740
365
10
637
10
325
720
274
121
392
153
41
356
305
234
586
149
549
2402
89
514
265
545
1444
113
169
148
325
221
289
128
520
370
450
1440
325
377
16
401
425
225
369
468
610
100
365
1217
730
85
50
13
377
244
1352
410
65
400
481
269
346
648
386
185
557
1184
4
833
197
445
180
122
41
185
16
761
676
272
850
853
9
1429
257
626
122
117
205
125
13
97
106
229
466
605
18
146
16
290
17
106
36
232
64
20
226
1
937
169
509
145
200
242
761
340
272
530
425
194
261
1300
145
340
4
25
324
26
328
745
1202
52
36
360
85
797
225
2
121
25
346
361
130
962
197
185
50
424
554
200
98
754
68
1201
260
109
101
288
50
34
1300
596
788
17
305
185
149
122
800
173
17
196
328
272
290
317
157
169
841
125
193
377
648
488
41
194
25
729
117
16
8
317
82
130
181
445
200
137
29
656
360
328
441
65
485
685
36
514
522
674
386
1377
37
1170
242
85
520
580
548
521
53
218
596
289
785
365
576
250
13
53
1040
424
181
928
200
144
445
388
148
200
170
65
362
505
170
10
164
40
197
90
81
788
137
125
81
58
26
17
137
298
712
485
425
468
169
45
485
208
61
4
9
4
445
576
548
125
365
97
449
404
1013
416
401
98
164
845
320
1828
965
226
445
353
81
725
13
677
362
9
580
593
965
58
674
361
244
724
373
481
109
170
26
370
346
97
400
205
5
221
338
410
49
288
26
145
1018
452
208
17
205
257
125
441
17
562
130
265
661
490
981
386
100
178
277
65
325
458
1125
169
377
53
36
677
365
328
40
4
241
1940
569
89
1153
85
17
128
122
877
218
29
261
405
180
802
365
353
121
1042
261
225
40
100
36
185
488
106
233
1061
106
145
4
145
90
317
218
61
629
325
673
205
685
98
680
4
522
793
34
100
205
265
580
676
185
305
314
0
64
37
1156
637
109
250
4
500
666
149
157
10
130
1189
81
320
106
130
0
397
104
241
34
185
793
85
34
325
104
121
964
1186
461
2
241
410
82
122
2
218
1460
317
25
82
73
289
1394
185
529
53
185
130
73
1225
34
64
157
26
245
845
464
1
65
580
145
85
522
733
194
298
689
1530
586
25
116
73
442
241
145
232
2
221
625
169
4
145
800
4
221
320
205
941
82
397
68
242
514
61
1378
20
50
1
117
13
317
290
9
52
221
61
377
4
317
122
676
466
225
656
949
320
922
0
9
325
452
657
369
629
45
16
1517
450
17
80
170
125
610
64
26
136
100
41
441
461
877
85
104
125
485
26
514
745
333
169
1381
601
1322
17
937
244
425
245
18
720
818
625
144
866
1066
36
149
122
200
1296
36
360
706
530
340
4
25
160
8
50
625
25
962
394
466
218
325
97
73
153
82
290
520
25
337
298
274
490
18
245
52
180
305
338
130
53
89
305
52
125
1160
121
338
49
37
848
65
100
125
1445
26
890
169
641
458
1160
265
320
160
53
125
122
164
225
305
442
164
1028
197
592
1460
72
914
458
10
36
125
85
1
320
130
1297
0
1
821
692
442
244
1460
9
404
1220
388
1009
26
530
1
650
229
370
148
712
290
148
169
505
772
468
530
117
241
468
577
233
25
80
369
1721
45
500
292
324
197
356
466
197
25
281
250
292
1156
277
485
1082
36
977
29
482
113
50
353
101
1220
205
1765
269
10
505
17
1717
712
65
40
409
441
32
1066
17
50
136
164
449
1090
353
521
541
1300
842
40
18
58
170
17
538
1201
1108
482
365
272
26
306
576
845
250
81
13
52
160
544
629
233
49
13
241
0
160
40
881
261
245
125
1544
148
36
212
1
36
925
25
225
533
676
464
72
356
81
144
125
818
725
37
281
612
1258
232
65
353
296
626
36
388
425
356
810
245
89
226
484
130
148
776
1073
1277
10
117
221
125
208
365
1189
1481
788
74
145
305
650
324
580
1597
122
365
1010
937
450
157
468
164
73
170
148
485
40
500
25
106
80
405
360
101
100
626
314
512
314
90
8
320
433
149
20
2120
50
81
58
90
325
490
269
362
442
401
433
441
65
541
1
890
10
82
356
785
298
890
117
260
20
100
26
125
340
100
194
40
557
68
25
61
74
1165
340
256
221
50
257
58
2
180
340
404
128
520
754
89
592
293
137
397
925
1225
197
160
865
754
765
328
113
234
122
20
233
241
149
250
410
81
533
521
202
740
890
205
629
64
205
425
424
17
761
841
226
50
205
153
500
337
18
32
449
673
148
293
205
586
185
116
1117
196
148
257
40
557
1808
65
82
520
45
1354
362
2
425
145
565
386
377
272
362
674
269
185
106
522
522
106
436
772
810
97
145
116
205
125
185
130
585
541
773
377
425
241
325
53
738
617
146
625
325
685
545
424
173
697
205
289
484
389
4
225
148
85
40
533
73
45
848
745
61
241
136
260
29
20
16
136
585
100
361
452
404
52
586
45
776
580
149
32
325
160
13
980
202
245
680
441
125
25
269
137
212
1088
1105
400
26
90
466
1597
325
202
89
32
226
481
865
333
65
197
360
409
738
401
245
113
464
149
820
34
185
5
50
377
986
290
1076
229
185
4
833
685
20
530
145
85
32
362
80
82
193
145
586
81
970
25
49
5
445
442
196
121
5
625
45
1301
325
130
634
400
160
145
936
40
80
360
169
113
58
170
73
493
5
265
936
256
72
325
533
164
298
377
137
29
9
377
225
37
200
173
1345
261
180
697
106
82
377
85
576
17
53
377
208
2
205
104
221
289
450
34
202
68
730
242
833
50
1076
121
170
1460
4
650
218
25
137
53
20
353
26
53
468
650
153
305
25
2
340
41
401
50
212
17
50
481
52
178
130
548
388
914
362
689
450
493
61
36
5
901
0
405
370
181
61
153
281
200
706
61
90
109
53
218
610
205
2097
281
5
137
697
136
882
82
121
397
194
293
81
52
18
404
225
680
144
493
104
61
221
137
20
970
50
85
538
25
585
612
298
65
997
274
1249
50
289
485
565
317
394
160
145
242
81
769
121
170
746
290
241
74
80
185
797
160
538
225
136
58
121
305
121
410
360
377
125
549
170
256
260
305
340
225
293
288
104
441
373
317
521
116
274
1025
362
5
185
1765
505
290
281
157
25
128
738
441
333
730
29
712
629
229
233
250
485
250
32
936
1
761
505
61
25
8
90
250
89
250
106
17
50
169
1940
116
404
586
17
425
148
197
89
626
1433
164
130
8
50
16
298
68
50
9
229
50
409
10
121
520
208
45
144
45
49
41
117
2
505
153
36
458
144
49
365
229
232
386
101
160
36
64
37
425
100
985
17
10
1213
10
1060
52
29
613
1314
337
250
404
405
26
169
640
2080
260
90
1421
170
709
261
41
234
596
305
241
41
197
226
314
776
530
306
436
605
250
50
754
169
377
244
361
232
202
149
1853
80
296
49
409
89
4
625
149
292
61
100
153
144
482
265
36
421
185
850
281
130
585
37
850
200
425
106
45
53
370
65
18
45
890
145
1225
34
185
337
9
265
650
290
50
1157
37
13
1768
929
730
20
164
477
333
797
116
261
245
884
2557
61
160
34
657
205
1097
964
178
832
349
580
625
144
290
250
169
373
232
421
185
232
40
265
666
653
1313
485
233
706
373
121
578
260
37
130
388
98
9
50
313
40
65
1013
360
404
25
349
85
549
9
50
794
196
25
745
10
706
845
50
481
101
130
340
9
18
250
82
82
424
265
1089
104
485
121
360
65
1
592
292
305
130
58
1220
898
225
137
592
794
104
626
2125
50
32
400
925
16
1105
205
292
370
82
269
125
965
346
164
617
676
245
122
29
170
116
241
544
170
26
265
257
18
136
569
1256
194
200
400
324
1157
80
404
100
449
2000
226
221
97
34
50
130
745
1089
468
361
89
500
34
68
257
433
1013
1480
200
841
289
850
169
205
1028
832
925
820
493
293
169
1225
2
256
25
0
977
257
10
389
144
89
292
505
689
208
256
113
277
73
50
173
689
394
788
145
338
97
365
256
353
128
441
25
1053
9
369
205
16
610
170
872
569
421
720
1289
170
481
829
74
1234
117
144
505
104
200
85
149
218
145
178
205
641
872
65
505
325
857
136
145
64
260
221
1044
725
221
5
40
872
881
157
481
13
4
173
1285
250
101
533
148
850
986
104
8
225
274
965
617
421
50
320
349
293
850
369
194
745
17
925
89
578
1832
361
613
81
58
90
730
1274
676
40
265
82
80
193
650
325
820
85
577
65
370
356
225
765
365
493
872
121
296
173
225
170
125
441
565
580
85
169
169
13
416
293
25
100
405
776
37
80
541
629
85
58
25
101
50
689
29
221
10
289
5
260
1105
657
101
20
404
548
125
261
26
90
37
793
4
400
625
274
101
409
585
117
10
289
269
45
61
32
288
232
925
545
586
1345
325
458
149
820
1640
208
530
337
234
493
425
197
74
17
441
1808
569
405
49
25
137
232
100
325
73
34
909
25
37
1210
122
221
34
221
9
369
1768
218
333
914
245
565
25
1025
49
425
10
80
1025
818
153
340
185
1105
149
65
674
1352
1258
673
149
706
909
650
265
346
10
4
810
485
25
884
68
785
981
125
400
272
1402
89
81
25
244
793
685
18
32
292
109
89
137
52
125
481
128
225
757
117
53
212
128
794
37
122
49
1769
25
1466
208
442
145
761
449
1234
890
701
0
338
466
145
49
65
16
592
442
965
117
1192
117
16
90
2005
169
1865
569
386
520
256
233
320
225
157
257
1385
13
81
626
377
52
530
272
193
74
692
170
205
353
45
325
1
1682
13
173
401
680
128
202
485
265
1
61
49
697
1125
2210
49
490
89
4
1076
292
689
436
9
202
340
26
153
890
50
265
241
5
544
218
173
457
116
8
802
586
1037
640
1252
338
289
61
410
26
146
97
256
64
394
218
80
40
538
52
5
325
178
785
452
26
493
1
1417
778
234
16
5
362
360
740
221
985
125
125
9
613
85
613
397
157
181
369
625
64
53
356
5
289
260
386
4
50
281
337
689
404
585
153
0
340
461
185
369
929
146
730
125
125
962
877
370
194
488
157
701
362
148
137
40
106
549
1125
650
200
701
3130
493
292
13
1249
121
97
229
113
965
52
244
145
1312
265
1480
689
125
162
212
800
0
241
130
29
169
250
130
149
932
17
137
250
505
333
298
389
197
34
100
929
25
241
5
13
953
122
569
320
121
964
290
1189
121
505
650
225
698
288
125
484
101
145
538
650
404
425
205
257
850
353
149
205
340
146
146
1924
666
53
520
241
37
10
73
362
370
173
180
389
612
666
425
136
964
865
149
68
724
1970
596
53
178
64
298
628
200
193
104
340
724
425
100
26
58
680
872
400
281
20
101
757
340
178
73
149
18
1
361
260
842
208
250
1573
1
8
353
313
533
245
40
493
256
936
89
97
29
180
65
488
404
314
36
692
144
98
289
146
464
36
45
117
1
8
117
625
445
100
1874
346
265
338
26
505
530
673
1586
337
625
25
769
104
425
370
373
234
18
73
1274
164
145
349
196
233
293
148
145
533
116
169
81
424
673
1010
730
841
164
205
5
290
386
800
13
16
170
185
1170
442
485
98
712
117
4
225
901
853
317
1037
2132
445
324
545
82
562
20
625
106
365
629
145
130
13
450
256
232
180
458
530
104
73
324
144
853
104
16
169
314
85
130
160
530
580
797
260
113
145
292
445
85
50
724
769
193
289
1
160
370
661
585
170
25
290
37
117
58
20
100
305
128
81
941
410
29
388
841
125
641
181
25
20
325
485
97
1018
733
25
445
261
261
833
85
425
1025
265
1370
360
160
13
130
260
164
293
680
388
85
458
153
265
585
953
40
5
106
80
290
32
205
873
409
1
250
656
596
52
250
221
256
650
289
389
610
554
377
442
17
45
421
865
949
730
185
64
554
160
173
269
130
218
260
45
361
116
313
74
409
109
89
610
818
221
20
578
256
205
922
5
89
650
317
73
65
153
205
785
730
101
170
394
25
904
197
82
833
80
500
26
73
5
40
500
298
401
2
65
130
314
272
325
793
73
34
425
818
833
325
425
160
73
404
389
245
37
205
578
754
274
8
505
272
80
25
325
890
1145
146
73
485
404
41
577
197
445
1800
185
290
289
128
82
185
577
317
2362
72
274
281
1312
272
306
729
80
149
229
445
701
80
229
65
164
592
106
101
137
730
250
100
221
74
53
340
260
197
49
53
981
245
522
449
13
436
40
298
25
32
464
64
482
37
125
360
50
778
65
533
676
13
49
369
512
121
449
25
50
61
100
58
421
89
257
26
104
634
157
578
866
25
8
218
1157
554
61
148
130
698
221
1109
1306
162
949
208
369
160
146
293
160
485
1394
392
49
832
554
32
9
29
373
49
117
81
377
26
320
306
388
9
692
218
298
296
610
936
221
130
16
1972
148
16
4
689
16
233
234
1517
941
549
74
362
794
74
970
545
202
104
377
49
40
298
81
445
261
541
521
185
410
221
313
585
85
288
16
442
610
394
1066
1125
509
802
100
193
170
125
197
405
137
16
90
377
212
784
890
136
26
117
281
221
965
260
98
724
365
754
2549
226
320
41
8
580
261
512
136
37
709
1189
725
18
637
800
1490
425
68
1
225
953
962
85
565
349
196
261
221
373
148
656
145
13
1010
500
233
225
244
1058
449
40
41
205
113
205
169
178
725
377
968
125
898
377
241
985
289
745
89
148
520
409
40
180
1
562
85
442
706
324
185
148
1145
13
160
178
116
529
4
562
441
122
101
333
677
117
4
10
145
34
169
109
281
146
90
482
529
333
466
68
928
1513
338
50
936
169
754
90
1921
205
137
193
296
565
1089
25
250
146
173
485
116
242
18
173
52
250
250
41
72
16
324
976
657
197
1249
500
289
1156
104
149
530
333
841
850
272
232
493
1
9
730
293
2
106
317
490
697
65
232
765
461
877
388
72
106
260
153
373
116
377
1354
85
0
401
148
1009
41
585
170
289
325
562
245
13
500
488
452
338
784
180
157
261
185
1250
872
850
292
377
557
482
25
289
153
61
194
425
173
9
116
1305
50
160
85
113
797
514
121
626
584
101
232
365
841
157
488
89
73
720
634
386
676
1105
148
866
5
325
37
144
1233
346
925
441
82
68
1690
410
785
97
901
580
370
49
484
5
485
676
545
136
325
650
49
64
53
41
277
1553
148
692
605
845
1109
136
289
65
181
37
349
1010
128
845
125
146
442
5
1450
361
578
325
100
221
20
305
58
218
52
821
865
45
36
130
82
169
585
481
941
277
121
1040
1105
49
106
137
245
298
484
185
313
125
521
185
1201
97
178
194
729
337
16
233
229
61
1189
466
226
250
484
914
101
97
226
153
116
130
421
500
857
169
5
52
416
145
100
85
425
149
233
1300
400
1044
900
181
986
325
557
37
225
37
976
10
145
445
841
145
20
53
785
36
9
169
305
676
1
290
116
212
360
41
441
586
349
1000
409
104
1
289
340
1044
25
410
370
90
185
36
17
97
425
509
306
72
145
136
52
136
5
673
400
144
4
881
17
820
452
290
485
2
45
122
296
389
80
193
340
234
709
369
961
250
845
801
260
5
1217
833
160
160
116
425
144
250
360
4
157
333
49
305
2122
333
333
482
17
37
578
169
464
256
641
32
193
458
148
1125
225
109
544
100
452
1205
298
153
113
500
113
50
145
20
26
58
53
145
221
178
40
325
72
961
80
401
25
1098
5
653
424
194
45
233
765
98
260
313
90
109
205
769
173
530
180
685
106
225
256
113
5
74
505
37
113
170
245
82
392
202
578
45
877
1145
314
205
545
909
529
130
674
104
585
153
452
97
296
125
466
970
277
61
18
196
25
410
80
130
409
16
689
306
41
9
40
65
9
409
625
648
41
85
45
905
73
389
674
45
16
724
229
320
298
72
305
181
89
400
229
872
128
845
116
212
73
233
157
370
548
113
128
221
482
121
109
130
666
1
641
9
485
9
793
298
82
1018
122
20
1858
404
2
900
493
457
441
61
180
1000
180
9
292
325
576
173
145
365
53
50
200
673
169
530
361
397
745
292
49
13
349
305
9
353
800
32
29
221
425
10
4
130
333
9
281
260
1433
169
122
196
314
148
130
452
320
50
9
680
328
45
37
305
328
90
554
986
202
541
808
772
196
45
449
100
52
53
40
146
533
149
314
340
162
0
493
416
10
436
122
146
1
49
305
365
121
1
16
197
148
404
180
509
377
410
202
100
73
25
20
356
520
146
234
4
16
305
314
333
196
89
162
26
9
160
16
26
1549
36
290
109
244
389
593
26
49
45
4
289
8
205
26
965
97
325
116
461
493
145
242
13
313
16
17
325
605
305
241
1513
257
481
290
701
121
797
377
89
289
106
98
773
18
98
97
445
269
481
9
320
125
745
629
85
1970
565
212
80
25
338
313
10
296
565
261
90
226
457
929
1241
153
941
277
340
205
170
181
629
34
548
16
626
1250
445
1021
592
85
1157
1105
157
1450
116
242
160
353
45
104
724
848
305
457
490
449
4
1124
612
196
85
65
433
260
505
68
1513
585
313
100
464
544
20
505
64
629
580
25
148
1156
293
100
106
202
41
205
1184
730
130
1405
153
98
533
101
466
74
265
125
360
17
9
389
149
850
61
4
229
218
509
922
305
148
113
106
1220
50
45
81
680
256
773
549
170
1453
1332
260
61
754
905
64
738
269
680
85
205
800
53
49
269
232
117
149
116
85
1280
512
153
4
549
232
485
36
1153
377
289
169
832
137
106
173
580
808
125
25
148
373
104
245
328
1124
34
656
185
482
181
212
1210
1241
61
20
1445
720
200
578
865
90
277
148
125
8
80
49
169
461
113
260
400
738
884
442
277
26
36
365
601
40
340
369
5
82
193
41
373
101
17
400
580
450
925
13
13
389
850
637
45
601
634
533
85
40
1088
40
74
1009
225
136
281
261
821
373
125
20
16
41
289
100
657
9
85
49
81
3341
4
1186
117
269
41
121
386
928
233
377
400
845
578
416
1090
680
85
788
1097
250
162
205
773
425
505
305
416
225
82
373
0
20
360
468
1741
97
145
424
36
898
25
392
397
26
4
274
130
725
8
136
800
820
34
53
274
53
349
392
61
485
65
377
436
26
260
265
116
377
346
113
281
116
113
250
4
338
130
584
212
68
82
101
650
772
925
81
104
149
400
106
100
26
269
49
548
97
441
562
577
433
4
100
533
580
82
320
625
900
101
233
605
9
557
761
8
100
61
298
104
1354
0
298
269
225
9
773
373
104
202
394
4
1280
637
505
185
113
288
8
500
29
113
1585
20
562
290
265
650
277
162
221
548
122
130
325
81
1421
404
169
337
416
169
45
260
145
424
9
320
673
208
52
162
450
905
9
377
242
218
293
314
9
320
80
481
185
41
13
34
101
185
125
361
541
505
490
169
305
612
738
160
305
820
265
25
234
1114
36
200
169
89
386
514
130
208
145
194
1089
82
116
296
337
146
538
101
1205
233
629
89
9
1
949
1
325
181
202
100
125
80
169
365
340
1108
340
242
89
82
250
370
170
97
325
1220
810
1412
365
360
180
442
73
260
149
122
58
40
673
170
50
136
365
265
377
261
153
202
169
9
425
389
208
349
265
61
1
410
25
269
117
250
17
81
904
269
509
1321
100
377
386
1156
128
40
530
178
369
178
617
221
117
117
433
125
361
40
293
1378
145
1217
169
445
452
32
164
392
241
90
173
610
125
200
61
290
29
136
145
104
25
202
346
433
802
293
85
442
265
725
281
234
122
338
1696
194
169
40
8
41
289
337
629
980
25
389
169
36
593
58
305
181
25
370
144
181
445
261
169
592
648
45
754
1124
229
256
904
916
137
45
104
968
50
820
485
68
53
328
16
13
349
145
121
250
148
50
196
85
197
324
1042
793
274
533
0
82
37
1
85
641
549
205
530
442
1313
585
145
522
738
2248
1424
841
25
68
1098
481
212
58
113
180
522
580
450
229
461
113
40
1160
1681
562
225
404
205
34
205
2000
205
281
137
256
1069
997
377
2610
226
162
229
257
458
290
445
1058
293
197
20
26
850
361
592
29
324
104
37
100
41
521
25
162
16
1145
1125
890
365
113
250
725
82
162
533
17
277
130
706
778
1156
1421
481
65
404
233
442
509
306
234
73
769
445
10
125
549
212
562
229
433
397
104
80
548
185
730
338
773
25
425
370
149
100
13
324
890
365
90
109
64
20
97
484
85
97
16
1369
313
260
97
452
1220
36
16
89
586
410
50
884
52
160
18
25
52
36
416
185
922
901
125
1261
2117
1346
884
794
20
340
25
10
197
369
1044
185
601
500
181
362
61
104
80
325
1
130
10
1225
49
68
29
221
97
328
64
193
521
1448
130
17
857
277
229
797
242
386
9
305
61
241
610
500
153
586
74
433
52
265
226
117
325
325
281
657
773
738
821
241
1768
100
421
377
61
29
65
41
9
457
884
130
244
313
164
365
689
788
109
617
218
441
520
65
29
50
410
397
481
17
122
5
32
196
9
245
640
724
194
565
580
4
404
290
10
298
162
13
866
200
306
936
125
1040
586
148
226
365
100
530
457
1717
173
272
173
178
153
468
81
181
80
49
490
185
314
520
153
265
317
169
234
180
746
265
212
290
592
640
269
338
1
117
260
541
1010
200
68
117
85
245
128
320
1277
369
221
149
208
65
104
74
1305
392
745
250
689
185
205
4
18
225
416
360
121
877
298
17
328
116
97
164
49
17
1385
265
1009
685
116
841
458
205
121
337
50
261
98
157
26
169
208
68
740
169
530
100
178
185
17
109
1
557
180
5
221
481
925
1332
388
5
306
144
265
89
100
5
245
514
328
104
169
49
52
370
794
64
738
225
505
293
9
724
325
485
29
13
1492
292
65
128
362
144
233
221
290
370
34
185
277
61
117
229
1901
26
144
873
53
65
265
674
53
13
464
533
461
90
218
1258
149
221
914
689
754
164
125
208
53
773
125
101
0
325
293
136
205
49
97
89
100
13
845
90
293
41
365
229
961
901
328
45
1090
1025
200
226
29
1681
0
425
81
49
1476
212
353
250
65
833
9
49
584
405
261
657
85
25
200
17
548
136
20
441
314
52
20
949
346
100
745
533
808
100
272
104
477
58
820
169
593
697
113
17
370
394
164
722
212
85
394
457
145
548
29
272
85
265
97
74
565
53
153
101
1325
241
13
698
149
146
325
794
82
425
625
361
4
821
173
289
1802
9
68
269
149
410
1152
34
17
104
250
58
256
692
340
5
72
936
5
544
845
245
185
53
117
1517
365
370
349
164
122
25
185
121
40
785
34
362
89
500
1556
41
72
841
81
170
482
144
109
89
1130
433
144
313
457
293
481
41
272
794
13
125
26
194
290
146
125
4
221
68
277
650
164
26
576
794
100
116
250
530
242
170
164
90
653
340
53
45
74
4
157
97
58
541
416
53
260
765
29
585
170
200
169
125
296
113
298
145
149
146
1305
986
52
290
5
185
640
605
785
450
2
106
13
697
81
106
200
25
82
746
81
36
233
82
745
241
212
242
261
52
81
306
1492
449
1156
117
226
58
45
178
197
4
10
305
340
170
13
17
52
125
178
544
313
529
293
52
65
1492
709
290
106
106
565
25
173
676
41
65
1858
164
405
244
185
313
85
149
9
9
853
5
61
89
29
452
580
698
58
404
785
685
37
232
185
1009
530
197
85
153
146
365
461
544
145
313
425
530
1170
113
250
26
194
20
50
20
164
416
197
436
193
577
809
2
490
169
778
565
169
272
1076
50
232
146
450
305
961
17
85
394
641
65
226
64
610
153
1746
234
173
328
116
185
850
653
370
16
104
488
34
137
404
52
234
148
4
458
125
980
41
128
81
58
293
97
1373
441
82
653
90
125
180
290
148
26
730
729
181
481
58
170
320
85
104
397
17
61
100
65
10
221
81
292
706
130
370
461
234
265
82
569
121
80
400
50
205
289
725
425
925
596
49
144
233
149
125
857
2
20
260
1300
232
25
289
1
196
337
1274
1385
244
320
74
401
89
1145
260
148
180
698
100
218
8
405
450
106
692
400
794
293
202
148
404
37
10
514
468
25
25
197
245
757
53
194
1306
65
778
125
50
10
200
52
509
178
61
16
160
881
122
401
157
584
18
409
290
169
625
61
205
5
361
100
481
468
4
328
277
160
85
221
298
548
505
137
117
29
153
601
153
16
104
1130
234
50
25
225
425
394
1241
485
818
289
169
160
98
41
185
841
613
208
164
360
612
233
180
349
101
20
9
194
1017
445
68
289
41
1089
360
20
565
1285
809
193
98
650
356
290
698
676
128
160
468
244
9
845
164
113
290
576
466
16
97
26
122
274
452
808
484
578
1189
365
281
530
9
122
13
1696
452
1241
170
292
144
250
241
122
80
97
169
585
202
425
10
442
349
225
9
130
785
281
36
626
1621
916
722
205
212
100
605
53
361
464
40
449
986
5
810
850
272
544
32
212
89
34
720
49
25
241
2
657
72
356
272
20
34
41
325
586
50
194
234
153
320
153
533
98
909
1210
85
25
328
193
157
145
610
225
706
250
449
25
424
1352
185
416
197
265
541
626
85
452
772
17
349
225
16
50
0
130
442
521
362
52
52
1522
2000
1
845
433
74
74
40
337
373
100
149
2
317
557
9
1010
256
145
148
458
674
306
577
169
257
1669
545
461
916
1145
41
1105
250
293
194
100
673
256
845
25
4
637
293
1421
260
733
625
233
809
925
145
153
337
1
481
170
178
106
362
41
274
349
397
586
180
64
116
221
146
709
409
1168
145
244
314
169
986
160
52
324
493
377
50
185
226
17
61
72
130
677
272
226
65
250
353
1000
901
325
26
425
232
592
73
1017
40
545
36
146
277
265
85
592
601
229
173
637
313
260
685
5
52
337
488
554
65
64
554
218
197
640
113
482
26
425
433
125
584
58
72
117
10
477
320
793
197
136
16
353
241
17
45
49
433
34
121
242
1
820
97
208
136
136
232
272
0
72
212
841
1370
1850
296
457
81
41
320
125
61
324
50
130
200
233
106
181
577
1
208
125
185
49
65
82
125
1314
338
521
245
1385
221
89
136
137
740
117
325
290
41
104
82
85
2
425
324
208
346
100
585
261
605
1696
1
4
149
148
9
373
485
90
145
457
1105
0
49
98
361
109
61
746
125
89
101
629
338
232
397
293
104
72
457
298
709
1
173
241
250
290
52
61
80
340
170
488
442
680
113
1312
196
193
64
634
181
4
25
74
800
260
290
81
245
128
149
197
377
689
37
514
884
274
193
18
481
586
1040
50
89
424
442
884
1130
730
306
1117
754
1352
68
441
290
533
340
689
58
50
157
1690
200
325
25
225
265
73
149
313
18
461
193
829
1597
689
425
225
121
313
65
325
1517
136
170
2
1105
797
149
173
178
260
29
109
850
314
328
754
629
196
592
232
200
400
61
20
170
1741
841
369
424
169
145
360
125
185
52
500
548
82
10
109
169
661
509
64
697
289
74
170
130
964
109
100
257
40
85
100
392
162
596
25
400
493
397
197
225
337
82
738
296
100
242
850
149
41
41
641
250
205
425
661
1296
117
425
73
680
109
34
205
436
205
116
1522
25
73
689
901
409
64
122
4
100
265
194
1210
765
202
170
845
50
317
685
173
680
17
1201
333
116
1361
257
244
610
306
180
265
410
377
293
104
421
40
49
274
16
202
185
441
37
601
5
1480
37
640
340
5
289
697
625
25
481
421
592
53
914
442
196
370
442
436
121
1061
340
685
250
801
194
452
1685
29
452
170
293
793
173
125
1229
97
221
10
421
37
157
53
81
976
265
269
722
45
369
793
194
1010
113
584
181
49
545
505
81
610
281
146
269
1053
325
225
346
265
202
261
16
445
369
34
113
338
370
325
104
289
340
689
689
101
461
725
386
173
1157
325
613
290
130
356
50
49
226
457
1105
20
377
922
464
442
125
1373
29
925
17
689
340
125
1690
305
1480
149
850
97
1490
405
49
85
98
225
441
769
32
457
829
137
1089
1130
250
820
313
1009
557
41
225
1
45
25
500
34
85
97
16
562
754
5
25
425
389
61
1210
685
193
373
5
200
436
845
580
117
1145
901
221
2196
882
194
65
1109
64
82
197
377
180
1
340
245
9
40
5
74
208
256
65
170
257
452
193
130
800
169
18
593
1
73
68
548
290
144
125
442
153
1370
52
157
410
1060
298
272
229
865
65
173
369
16
377
1445
425
212
890
109
41
841
676
29
400
900
529
628
49
272
509
745
90
405
610
221
25
1061
689
353
25
421
16
17
666
692
80
208
477
333
169
576
74
8
130
1073
164
778
58
196
545
185
170
1157
65
325
257
306
298
585
377
196
34
25
720
117
104
68
13
40
25
170
485
106
208
325
36
16
257
410
20
592
90
458
361
401
1013
661
170
68
26
289
650
16
80
122
37
353
265
50
34
229
117
145
90
725
97
400
877
261
260
625
1492
117
1810
40
181
234
292
1226
1469
324
338
328
202
328
221
1602
493
25
170
290
1556
180
13
820
245
10
26
50
1145
481
793
2601
25
185
89
178
900
61
338
484
40
153
109
16
170
545
25
986
90
298
1105
596
5
197
293
10
149
340
2
305
85
288
85
545
2441
53
445
121
545
29
277
265
244
481
289
13
833
529
706
1300
64
361
20
101
965
477
325
965
180
36
49
0
178
18
314
629
689
442
13
901
72
458
41
388
296
256
109
288
100
52
585
64
340
5
397
65
820
221
145
80
706
288
530
205
729
404
121
793
538
442
505
340
320
493
250
53
338
90
884
49
265
421
185
1256
1172
136
377
692
397
468
650
365
305
625
170
1160
401
221
130
137
260
64
97
1082
1360
401
2
370
13
765
169
8
233
16
325
25
505
58
36
49
149
292
365
89
17
377
53
272
2
1192
610
557
130
61
292
125
641
160
313
25
250
533
128
200
976
121
1000
160
202
58
369
164
468
629
170
36
101
100
25
1469
73
677
677
361
197
100
288
173
512
509
25
164
73
890
1769
5
296
1706
306
338
725
100
394
85
73
0
584
256
5
340
452
901
194
1322
169
488
17
1258
313
1490
170
89
277
157
218
292
361
25
325
848
145
2
289
269
241
261
145
144
41
424
689
317
505
36
296
936
250
146
1037
101
578
122
481
4
64
290
16
41
740
520
720
313
185
576
122
61
64
80
730
162
637
466
80
965
82
281
218
514
610
200
1665
628
121
97
157
1
629
1073
637
697
205
89
85
145
650
530
801
185
733
234
365
425
400
661
361
290
377
125
10
585
477
89
1000
1213
740
5
1480
2
778
794
234
650
5
25
125
226
857
197
81
125
125
37
185
5
881
305
512
442
269
49
290
202
229
8
569
481
125
257
257
73
292
2925
160
81
538
225
80
100
97
370
901
121
277
104
157
130
82
250
730
1018
61
293
106
289
801
72
36
85
986
170
493
8
13
65
98
162
90
458
292
136
324
637
58
226
146
130
202
290
569
340
53
961
106
16
425
260
317
61
1060
533
125
925
761
100
170
241
272
289
629
90
625
340
1
117
17
25
338
169
194
530
90
26
404
145
386
701
612
162
74
193
233
468
629
2
820
293
9
128
2080
922
12