
164
820
785
205
245
45
170
261
416
173
442
145
544
232
202
145
125
477
1476
680
17
712
617
98
490
98
45
106
49
164
634
365
73
505
865
121
180
136
850
1105
232
436
545
488
400
5
25
221
272
53
17
244
317
593
850
533
324
160
232
116
85
340
100
225
153
677
74
97
205
541
680
162
425
641
97
740
200
125
148
729
49
180
656
925
157
17
25
529
160
185
25
530
765
80
49
68
362
97
360
388
730
565
296
128
580
356
170
81
1445
745
37
522
793
185
277
65
117
122
200
74
425
10
25
1108
208
205
289
794
625
730
185
1117
1256452
324
109
169
29
929
234
68
52
850
424
754
1898
289
4
17
53
800
130
221
178
1345
58
74
40
481
1458
386
369
36
1513
164
25
245
2216
333
340
146
333
970
200
452
113
325
1568
136
290
50
909
226
333
1332
2146
289
317
218
593
85
261
410
493
333
8
1156
41
65
37
97
148
442
289
40
148
2
74
2020
468
16
468
289
361
290
425
482
100
41
320
464
169
100
193
241
153
585
256
272
106
809
34
954
441
37
281
485
1108
485
397
226
58
40
145
89
29
40
8
85
153
137
25
169
170
25
442
218
656
104
1345
400
50
482
153
125
365
229
130
52
740
97
305
64
466
36
845
269
137
2612
234
416
97
170
117
5
2273
1433
242
457
250
260
18
200
64
144
936
20
80
113
466
149
445
36
596
521
692
365
261
1274
116
2
130
565
17
4
160
272
25
10
464
73
4
409
225
610
424
80
100
202
196
2138
333
901
1088
146
50
680
157
1621
377
164
34
173
365
365
104
32
260
1037
289
122
13
109
562
9
145
5
565
697
964
34
362
202
50
226
72
109
361
392
298
64
53
25
850
26
144
52
164
576
272
173
584
530
397
170
922
53
1
596
25
512
145
400
116
149
146
185
17
100
625
545
104
225
25
850
365
52
101
10
149
144
65
397
100
317
884
661
145
205
441
37
325
290
125
65
82
68
244
226
170
1690
52
117
202
901
298
745
629
685
388
365
493
5
313
18
117
1138
178
121
29
109
272
34
169
377
205
281
1258
637
49
146
125
52
245
2
100
85
218
325
901
169
730
461
833
61
290
272
949
25
74
585
661
73
370
794
328
196
754
234
445
232
1300
136
50
1060
41
610
225
221
421
34
442
1450
4
401
544
477
325
148
580
257
554
245
325
85
296
565
194
640
601
1945
257
181
778
197
260
1
356
16
1220
148
97
580
5
200
41
521
13
37
205
1090
16
625
1858
50
13
200
425
89
37
424
25
680
101
149
29
36
45
113
320
82
346
788
121
373
25
26
10
136
577
328
288
445
754
674
505
73
65
1517
25
73
5
64
200
17
740
104
293
241
52
153
409
196
169
68
416
441
221
149
1565
373
965
333
80
289
196
346
629
130
29
305
196
586
277
17
2
674
64
1877
104
1413
680
650
50
337
125
185
365
45
164
85
788
520
509
193
169
557
405
16
160
269
205
490
338
34
20
340
965
449
288
289
394
324
157
596
676
90
325
900
65
50
40
1028
884
360
653
464
221
296
578
362
34
85
425
388
698
16
353
1625
377
461
850
52
145
53
26
153
40
0
457
89
157
272
365
1037
586
53
1184
49
1066
325
25
394
305
584
296
338
148
292
340
5
10
1010
529
370
117
324
650
117
82
505
260
692
169
85
1297
970
72
493
648
113
106
2
4
370
26
73
169
458
481
1205
733
544
197
50
377
986
200
365
481
337
8
512
1073
641
68
325
292
80
10
436
157
25
676
369
145
65
52
1010
125
1225
289
148
394
9
617
193
685
170
16
884
436
477
65
37
680
81
269
200
962
922
593
369
185
298
53
41
610
225
233
1480
121
281
290
149
58
245
1160
113
810
370
32
250
205
32
169
36
328
101
52
81
416
106
442
4
169
58
225
450
298
68
0
580
97
113
809
85
181
36
250
410
689
317
260
40
388
445
338
181
1089
157
325
292
337
36
25
145
234
562
121
125
25
442
164
1
180
74
170
1037
36
72
405
4
145
1017
1028
505
500
666
585
229
173
36
169
233
2221
845
85
757
9
256
52
772
125
145
1413
10
17
89
392
74
461
185
45
4
8
905
317
37
580
361
109
98
104
80
53
565
89
157
100
292
533
905
9
208
520
585
17
545
484
493
872
73
37
1060
178
272
53
130
106
29
673
850
169
25
53
1088
73
452
389
349
452
145
505
1285
324
370
1908
68
610
58
1
338
333
18
328
10
905
242
362
404
122
89
450
810
90
61
272
121
628
146
68
797
85
41
100
565
5
562
1352
577
340
100
122
261
394
328
36
449
389
754
40
596
274
197
65
1
340
500
256
232
1325
122
149
773
2
530
529
50
490
296
125
113
170
125
932
146
145
257
197
49
625
584
104
1037
97
605
306
370
365
64
260
74
493
25
306
74
146
181
128
49
185
234
289
52
169
545
932
281
317
148
605
137
725
160
245
909
49
137
738
580
157
277
100
20
26
1105
18
17
1210
153
425
185
538
853
485
288
389
205
85
485
720
1040
65
109
8
340
290
450
954
50
593
360
289
89
40
757
122
16
2333
765
689
400
1352
904
458
452
50
538
250
80
481
680
865
901
17
441
277
461
580
208
520
72
800
977
657
109
1989
68
242
324
26
373
442
164
65
905
269
1490
82
1600
65
146
117
244
820
185
650
265
349
202
45
50
545
16
1
765
274
208
74
100
416
8
29
9
260
242
225
272
521
333
20
245
225
324
425
1480
377
720
205
68
130
929
13
50
505
116
833
98
405
424
197
442
661
512
425
40
4
82
450
80
1066
961
116
29
925
17
49
153
625
505
185
305
32
61
90
349
180
170
1017
61
100
40
193
162
293
149
292
26
180
113
900
850
677
145
116
338
160
485
82
1508
488
256
325
25
50
712
169
20
101
109
116
425
653
1300
452
425
122
106
68
178
25
146
820
17
922
261
289
905
1010
9
245
25
313
900
49
578
356
53
169
1105
200
369
260
74
522
170
194
144
37
733
320
585
180
136
72
45
17
205
466
130
80
5
229
424
580
97
884
130
169
265
490
25
233
200
58
180
261
205
421
386
232
377
306
89
625
320
484
250
580
320
121
180
101
97
85
349
353
405
562
922
346
221
226
362
593
2452
260
173
29
794
305
257
25
136
1250
81
146
117
610
208
4
916
250
677
13
36
109
9
256
1
576
193
41
17
196
925
36
784
260
205
1345
53
58
101
194
509
4
181
293
584
541
866
256
148
257
80
74
73
305
1117
73
45
328
1597
949
197
125
554
29
157
36
1192
218
185
1237
820
200
205
104
226
450
221
676
562
865
296
442
657
52
130
97
136
136
40
529
1073
145
125
97
61
185
208
808
325
45
305
529
522
265
173
64
1
170
296
425
65
73
514
442
260
117
221
8
637
392
1369
9
221
1096
65
122
857
146
425
325
82
730
17
601
81
241
325
404
53
289
1492
373
170
81
585
65
73
697
461
97
900
314
50
53
362
290
485
202
26
64
113
720
34
452
980
185
232
293
16
388
401
125
292
41
256
865
0
197
125
4
820
4
725
274
180
1
25
673
74
421
17
200
68
200
85
65
185
425
353
565
1469
449
113
65
81
130
676
36
169
205
277
353
225
122
405
17
850
293
530
157
45
1586
324
242
676
325
164
290
482
340
324
45
514
1928
613
370
676
445
585
74
1985
121
34
298
325
256
677
977
5
41
17
245
145
61
457
260
25
61
401
20
49
5
100
1170
41
593
421
50
1061
520
241
580
153
1
260
265
265
29
73
233
205
484
145
234
488
181
370
1377
218
125
18
397
338
1517
125
65
386
128
185
49
397
221
149
433
281
169
289
41
586
97
1450
338
68
173
18
61
610
185
425
233
481
10
4
925
520
1322
72
349
272
776
34
52
85
325
137
442
298
244
904
481
72
442
180
50
82
425
144
1616
712
10
34
148
194
338
101
116
41
109
953
325
689
81
490
29
1696
145
185
64
505
97
116
85
272
548
409
90
36
394
0
97
17
229
425
1480
1040
493
250
829
290
325
212
137
388
90
450
449
541
1129
1625
529
85
65
961
25
277
205
34
74
81
481
52
149
100
241
100
370
901
596
442
25
866
13
490
26
178
37
49
101
100
137
1552
185
229
1009
13
325
293
18
25
17
49
90
10
360
170
362
634
202
272
81
13
730
29
356
449
389
169
442
85
136
208
404
538
37
4
274
962
113
10
610
626
433
360
18
265
445
65
1405
41
200
292
160
61
596
586
36
89
289
505
25
20
794
425
872
416
477
205
128
178
29
101
65
100
629
64
208
16
250
181
18
5
125
577
2
388
261
306
405
890
388
265
170
626
328
125
20
873
5
1440
89
1413
520
221
389
269
50
40
610
196
221
500
290
58
761
202
89
1157
269
41
229
337
73
58
17
8
145
26
394
1460
450
1109
962
565
32
338
328
425
866
170
1154
328
610
202
245
365
793
18
477
130
317
442
29
360
25
313
170
64
457
290
800
809
25
58
25
584
178
730
452
565
53
40
1205
61
1170
10
194
1189
122
290
81
81
225
397
485
85
80
922
296
425
145
8
1130
481
25
72
125
634
1360
394
10
1066
81
100
260
1205
37
121
205
261
185
585
68
25
85
365
145
40
346
197
212
625
98
634
160
405
169
317
234
194
25
576
941
445
144
481
130
520
904
153
32
173
116
244
145
754
1297
820
205
104
505
1460
34
250
520
113
193
100
256
625
565
845
265
365
325
82
181
233
170
356
170
1777
488
104
65
144
89
221
65
185
74
81
697
2
208
245
377
16
100
194
17
290
100
229
485
1700
424
4
666
25
346
610
433
288
392
445
130
234
85
488
97
244
833
1165
125
394
244
205
360
274
2
468
433
1105
5
45
657
169
232
765
157
260
425
325
697
338
106
85
450
149
884
481
1417
829
194
338
244
53
292
650
545
200
185
605
137
629
241
377
5
289
514
901
666
64
1033
650
149
901
144
85
250
10
269
130
250
500
49
449
130
290
45
424
425
562
305
36
185
170
673
9
745
145
100
178
650
626
450
493
260
433
685
808
85
233
666
313
2005
733
196
20
53
5
45
325
288
505
484
353
436
1480
788
65
397
17
157
493
676
29
388
17
970
720
64
178
733
25
45
13
729
674
404
265
281
61
281
196
25
676
169
17
74
173
557
306
100
809
73
34
289
1097
25
592
1305
164
97
324
928
461
725
445
1962
1042
194
225
169
394
884
340
785
274
306
405
850
320
106
148
457
196
185
765
218
53
457
730
986
676
445
41
821
554
250
205
52
1744
450
125
65
73
370
137
121
1189
50
65
260
65
648
578
613
65
17
74
333
49
365
337
340
425
533
410
1017
145
101
424
5
122
130
194
197
306
845
130
365
36
1421
425
450
29
80
369
625
100
85
122
82
481
25
928
481
533
9
274
0
49
49
272
20
482
8
1537
1604
104
324
85
193
130
65
20
212
389
261
225
265
144
101
985
746
194
373
485
226
153
194
290
260
450
857
628
221
173
121
50
85
274
776
1381
193
328
232
153
809
512
410
900
225
137
281
900
125
50
136
1154
100
116
484
200
289
985
100
130
89
965
128
153
205
612
500
373
1060
613
578
169
685
52
488
85
985
361
260
290
169
221
225
754
149
397
242
226
37
400
289
130
242
144
41
221
58
148
324
20
82
202
289
130
153
82
181
482
337
377
881
360
269
288
333
5
109
386
145
1594
673
325
730
257
810
41
20
725
194
90
964
277
356
185
10
370
292
153
1
170
61
757
872
404
218
712
9
233
232
64
1313
1280
810
425
145
290
1546
145
666
776
173
261
9
265
425
365
170
72
25
850
34
730
113
97
197
61
116
45
58
0
10
949
794
13
170
954
657
169
58
25
181
34
34
37
544
64
10
1220
389
338
148
306
36
245
554
605
656
149
433
208
5
64
289
340
13
169
697
4
100
5
274
136
29
17
185
130
41
233
425
485
362
250
388
153
613
314
1108
941
17
89
170
261
146
565
389
545
116
488
149
580
90
377
128
866
205
245
441
136
113
305
153
866
296
226
1105
290
74
661
365
317
9
325
212
565
1
9
628
458
369
202
541
208
145
74
145
961
298
146
320
100
676
290
233
2036
333
250
117
325
305
100
317
68
377
901
1744
265
625
41
1033
128
81
801
313
45
2
68
250
130
640
306
349
232
625
400
445
873
610
136
477
29
10
613
565
41
1385
1537
113
394
250
81
65
666
74
986
353
232
485
0
410
10
290
109
52
218
361
8
81
629
74
25
25
1125
1224
746
757
592
40
117
250
25
1018
1073
452
738
901
122
720
233
149
117
173
74
314
149
641
29
274
200
104
260
1
244
1213
605
461
549
650
701
290
50
80
164
164
424
272
64
769
200
1129
65
338
289
170
450
61
229
325
1618
980
298
125
101
36
601
25
73
725
965
34
617
800
505
200
197
97
10
74
145
17
53
272
730
17
80
73
136
421
865
4
26
162
1172
40
173
530
242
394
193
178
433
306
85
1025
596
10
130
41
106
388
85
1181
169
29
116
130
29
490
272
130
205
881
401
205
98
197
148
106
185
625
82
821
1600
212
52
340
157
544
269
136
85
164
25
1000
601
5
25
1220
221
353
145
514
74
698
25
397
25
545