
545
250
905
337
25
290
338
730
169
173
85
101
153
82
425
1210
137
520
377
281
65
193
81
296
562
985
65
200
2
104
505
441
865
685
565
1600
637
269
85
538
17
2
626
221
612
365
1082
377
317
225
272
1517
25
45
185
85
565
34
466
305
90
225
410
196
197
2297
289
101
481
104
244
145
605
80
49
725
125
106
100
405
260
730
232
650
401
305
104
397
481
1157
234
130
512
97
45
64
113
653
320
261
745
857
797
225
218
85
306
173
776
289
225
117
578
1165
232
890
1781
250
52
250
64
65
1325
409
488
229
500
674
712
725
292
6205
169
61
369
125
221
0
592
809
260
137
125
493
205
482
265
421
85
577
265
50
49
37
53
205
794
0
340
656
45
388
277
25
260
709
290
738
362
365
82
808
256
576
261
1732
178
121
692
205
244
26
905
725
505
761
305
449
218
1226
130
530
452
205
101
58
340
90
52
333
137
137
853
850
109
100
370
50
1202
666
52
580
452
13
8
901
697
305
194
490
305
340
233
116
530
373
169
100
169
100
241
65
890
500
125
484
137
10
101
130
45
793
522
221
122
194
29
5
97
409
181
169
317
841
148
296
125
313
170
1013
53
104
245
442
424
745
925
785
1306
1576
346
225
144
157
1040
164
610
333
101
64
157
1961
464
865
657
1
265
585
281
169
45
296
541
640
245
242
365
680
194
162
490
328
16
784
26
64
884
101
80
221
242
145
685
25
689
466
450
1
80
361
106
61
106
481
65
153
137
773
101
400
405
373
25
986
338
45
260
290
293
74
320
34
122
697
221
137
10
145
130
36
50
305
181
281
58
306
145
36
680
1225
244
221
1105
400
16
1233
1405
117
1865
137
0
117
169
148
104
260
225
200
205
82
25
106
436
113
164
45
337
404
53
389
36
338
386
73
40
205
776
41
13
26
145
405
29
388
200
85
169
650
109
130
274
40
106
58
401
10
37
4
725
116
241
37
180
898
58
292
68
650
17
576
229
1184
356
41
53
765
170
1
410
221
8
729
241
25
29
58
370
433
148
265
290
333
4
1313
100
296
365
901
369
365
25
5
500
26
5
346
657
832
676
521
692
0
290
257
25
61
265
229
1010
61
241
157
157
260
37
9
857
25
218
130
386
40
29
148
808
17
370
500
116
82
218
137
226
377
845
169
145
1300
313
325
74
386
49
808
122
1189
18
10
488
548
144
116
9
776
290
90
401
425
281
50
194
709
40
36
90
157
545
116
64
260
49
260
121
576
337
404
493
229
185
457
226
666
4
653
82
409
565
1049
169
80
13
325
641
424
1872
80
377
37
290
410
289
290
26
1274
416
722
218
205
130
272
128
37
196
164
130
81
65
260
481
218
612
34
340
360
10
82
153
325
41
257
37
145
1360
265
833
125
173
98
116
1413
137
148
64
421
178
0
2693
26
64
157
586
109
178
53
596
9
37
106
290
49
25
260
121
288
389
72
109
18
194
58
225
1024
841
400
82
424
514
410
208
738
261
1021
61
360
10
529
610
97
148
481
157
116
100
100
936
157
1417
229
296
425
232
178
338
58
500
197
1313
82
90
180
25
576
125
596
200
405
272
458
97
601
468
698
241
40
157
9
277
461
325
185
52
64
40
200
773
1
629
1049
373
388
692
386
81
136
365
65
281
485
85
481
13
137
482
377
260
65
122
290
865
200
520
433
2234
436
580
613
317
577
529
538
370
145
221
169
493
493
937
73
685
196
16
232
85
37
90
505
200
725
562
146
409
73
82
250
173
26
185
97
74
26
410
522
324
40
389
85
401
346
442
400
232
424
61
74
289
65
562
100
580
922
149
101
157
45
125
104
441
296
113
4
641
765
697
320
185
640
305
205
485
377
98
49
980
530
97
452
121
293
512
61
545
389
458
725
106
338
2
74
205
520
169
349
136
261
538
68
1018
641
410
666
592
257
401
50
676
130
549
349
125
9
117
1769
117
292
445
145
17
925
485
676
50
130
324
293
466
320
100
205
776
1082
65
5
149
349
289
26
865
244
898
202
65
353
445
13
1301
113
72
257
1025
305
225
425
162
197
272
26
260
549
52
226
65
170
1
610
45
740
4
242
530
122
73
730
41
106
218
468
425
1213
104
106
32
29
98
73
353
61
10
1444
865
100
580
49
585
26
90
106
130
241
97
85
673
45
257
281
181
466
296
313
1481
122
549
962
130
81
565
320
1513
65
317
325
373
2
953
149
17
841
401
458
25
194
425
425
1256
1597
5
549
49
689
324
2196
324
9
361
29
585
641
425
298
625
409
148
125
729
629
260
205
26
585
1453
810
1274
82
1258
5
257
50
1156
554
250
305
809
16
370
9
37
101
26
1105
261
325
584
484
1508
292
90
306
281
1
640
610
225
1053
292
617
730
405
450
317
122
170
49
40
404
425
514
101
298
1000
104
113
445
529
148
850
325
81
401
117
360
260
26
346
85
178
208
170
890
170
20
34
26
53
185
585
1745
1490
170
457
146
629
20
530
676
130
74
361
424
397
5
580
193
20
20
160
130
85
148
1089
116
905
1258
776
4
509
232
20
170
881
328
65
185
629
1088
205
193
493
164
130
1405
68
50
260
410
104
505
101
464
841
353
157
68
196
538
272
36
58
17
317
97
466
441
65
26
458
100
5
82
1025
530
1000
100
241
0
349
181
289
4
1538
365
221
117
136
146
290
125
82
485
25
185
160
128
61
113
61
488
233
13
881
221
29
58
221
1377
17
405
1017
81
149
0
72
445
1
149
725
104
585
265
377
61
410
500
164
40
281
425
64
580
1220
905
180
65
17
269
85
493
0
41
269
580
1096
1028
338
193
65
185
549
626
449
377
493
0
1301
41
82
61
449
1325
673
218
514
1305
29
98
416
977
74
145
241
793
80
4
160
425
1613
514
490
424
221
41
1282
833
37
340
97
218
514
225
1
130
941
32
1402
580
265
485
25
32
8
128
1
850
745
565
338
392
241
1105
625
109
565
13
85
373
130
61
676
18
241
900
1697
17
25
125
1009
144
116
68
404
482
578
180
290
82
144
41
157
250
369
178
74
58
72
2605
169
18
1
178
130
1274
328
61
65
290
277
324
25
338
221
8
121
1465
20
202
68
441
40
53
157
522
233
52
34
529
241
274
296
505
5
113
272
170
116
293
116
425
490
157
1168
457
85
361
436
148
1
37
90
85
964
74
16
338
1201
457
202
225
292
409
81
425
488
197
100
290
265
458
74
136
160
148
848
485
37
200
521
725
829
784
833
45
424
289
32
37
1282
10
337
629
41
101
1313
89
800
113
1226
144
365
1153
793
1165
265
144
218
289
290
520
1
745
45
416
653
244
128
85
260
484
530
45
26
1297
698
149
317
45
26
122
701
445
346
433
18
241
401
81
965
1300
1256
130
522
170
272
449
212
137
1025
229
29
1
229
725
221
49
530
49
2353
340
580
212
2
577
218
890
26
72
101
145
18
882
5
653
32
400
1025
986
81
338
424
617
1108
593
829
65
53
20
306
193
257
153
121
676
421
904
610
416
1882
41
565
1360
1325
185
170
261
65
773
548
113
202
369
40
2389
221
685
325
569
180
377
365
221
458
281
293
545
365
241
17
260
40
388
2610
68
365
245
202
193
181
365
229
17
324
90
697
1300
277
445
121
250
626
1060
281
400
106
49
416
505
650
349
605
1825
733
361
289
98
122
1153
970
365
117
16
145
17
121
293
128
410
208
298
850
580
1170
125
596
233
250
361
356
720
101
10
724
538
18
10
97
200
36
277
81
565
610
612
1325
625
425
148
225
522
202
145
626
1769
505
125
18
181
761
202
370
612
464
218
125
149
109
17
925
745
80
212
1828
740
697
256
306
100
850
29
34
1517
4
349
36
801
1885
233
25
925
761
296
145
1000
277
5
136
485
169
181
1201
369
442
250
962
260
1184
17
738
157
257
481
725
49
17
145
629
200
205
388
881
365
289
578
145
148
194
712
10
185
185
365
548
481
130
13
58
18
1117
337
25
82
121
61
298
680
61
26
269
4
5
1780
221
49
194
656
904
484
20
629
16
221
724
89
145
85
424
409
1108
1544
1210
365
562
612
1192
369
169
1189
730
250
34
346
1138
772
4
410
89
65
356
20
256
365
97
50
97
16
362
586
578
205
1154
305
74
149
200
113
1040
85
353
356
1352
49
1025
260
1025
20
610
25
185
265
290
58
800
221
144
1
232
484
544
157
97
18
10
197
313
450
569
1864
194
362
149
130
205
394
277
898
169
80
333
485
145
392
113
477
40
106
290
2173
117
370
100
725
100
50
1618
34
116
37
104
761
257
1354
433
730
365
922
290
130
697
25
73
29
905
442
244
802
122
109
41
244
260
40
101
122
34
212
784
205
41
104
145
144
305
212
337
592
724
208
353
346
202
324
277
104
452
85
424
81
89
144
488
529
65
865
458
400
52
29
464
205
260
125
58
162
1125
1130
85
1369
617
41
144
173
225
569
116
541
50
533
628
349
676
274
2129
1226
160
193
634
193
477
306
580
265
170
410
104
692
18
137
401
289
797
281
250
125
16
52
1481
130
325
441
225
53
625
290
349
146
122
61
265
533
468
80
13
424
185
65
125
61
82
146
34
256
82
45
370
153
10
442
424
36
457
610
369
10
369
18
26
113
194
65
640
122
965
281
580
45
272
36
493
242
200
64
173
1458
490
985
58
97
325
226
20
509
1130
725
820
149
130
256
153
772
365
340
365
565
125
725
25
360
181
17
205
113
53
325
106
205
458
101
130
442
592
485
185
9
544
1325
106
677
226
250
500
697
208
64
185
360
1321
740
64
205
145
173
845
353
173
449
488
722
25
482
1025
512
85
298
157
116
1145
53
290
144
901
117
121
281
1377
205
850
458
337
234
425
18
424
233
373
676
362
257
257
370
136
464
314
80
41
650
26
325
592
37
40
9
800
370
493
484
328
800
40
290
392
848
450
389
461
233
493
85
68
144
657
802
234
712
949
541
1993
109
41
1256
52
265
410
52
104
144
64
41
16
625
260
180
81
180
74
89
17
577
20
802
1217
441
208
970
17
25
85
4
386
106
653
125
130
20
229
45
116
557
317
369
82
65
40
485
754
725
52
4
377
788
274
153
241
657
340
98
10
1037
145
445
274
106
180
314
274
122
250
61
617
97
212
370
325
288
346
365
260
401
244
37
68
485
13
26
349
145
146
845
2
85
58
324
80
16
370
73
17
554
261
634
100
68
2
13
481
1000
1877
52
148
65
49
205
1537
1385
277
477
98
65
565
369
74
872
185
410
333
650
197
185
97
265
290
225
712
962
261
49
557
325
1864
137
416
725
1089
145
136
29
445
785
314
269
170
1025
981
289
261
585
685
41
53
205
49
365
914
1700
292
65
212
697
26
234
850
1010
530
370
1445
576
29
25
377
58
521
136
40
8
144
58
218
242
181
200
626
2152
40
468
277
529
8
80
50
13
25
962
232
637
64
25
130
629
65
388
257
20
389
961
40
257
290
450
50
290
73
20
25
965
613
25
482
121
674
400
325
180
1460
405
65
929
37
340
89
1252
41
305
808
50
34
36
626
905
1348
64
377
424
820
125
250
797
337
794
250
245
181
265
52
221
386
425
298
185
98
100
122
145
117
226
653
17
85
265
82
493
1025
136
0
565
317
898
346
785
533
468
41
776
136
104
122
101
85
425
340
65
425
241
49
288
80
436
365
136
1201
386
800
89
225
244
20
164
85
773
625
212
338
452
306
53
20
842
493
272
82
325
389
793
554
324
328
10
292
208
153
577
340
410
701
596
116
136
16
481
250
269
965
40
164
50
640
1000
290
1124
65
617
692
922
85
757
116
10
109
676
961
234
40
1025
325
1025
626
293
97
245
349
360
100
9
221
306
353
313
281
2161
65
73
137
97
692
353
97
80
113
373
37
562
89
548
677
109
317
194
405
485
208
4
441
493
82
450
65
450
306
185
569
641
256
178
1394
370
544
100
257
410
425
650
389
410
130
196
146
986
26
1872
145
800
325
250
661
85
10
32
17
82
680
146
488
205
394
340
505
349
98
488
613
197
520
421
421
185
64
205
2245
50
221
1025
610
73
692
4
290
53
162
1685
109
85
653
333
265
178
173
17
233
653
241
37
314
160
1090
452
104
10
130
509
346
116
65
136
194
1000
541
866
410
1345
9
109
181
610
149
25
328
125
200
529
200
116
512
80
394
0
72
450
97
100
25
170
58
306
585
113
689
29
61
740
820
801
1394
221
197
74
442
229
666
170
136
576
410
8
872
65
353
117
289
416
50
106
13
117
512
232
580
325
1
650
52
4
490
149
5
100
361
130
361
612
373
1
1114
520
657
845
324
185
185
612
130
80
433
317
289
1517
34
257
538
1325
226
1109
116
89
697
548
1586
488
481
293
29
305
576
81
1360
340
130
986
106
178
445
106
1058
337
520
232
1450
340
281
676
1090
53
554
809
194
109
245
100
13
205
305
73
520
9
698
441
256
104
1465
261
2080
229
233
41
160
293
1024
481
338
612
89
585
404
677
58
290
949
200
26
130
277
313
45
305
25
232
37
530
144
401
100
549
256
121
157
145
58
8
121
369
52
80
52
41
676
185
257
257
89
360
64
65
410
137
666
122
1017
725
225
5
16
416
505
272
538
20
317
464
1066
157
25
1156
484
1129
226
100
692
45
436
929
877
328
20
101
290
65
65
346
388
625
53
205
17
1145
289
377
1205
701
18
397
160
169
34
521
50
178
265
272
137
81
533
272
169
202
680
117
288
362
169
169
625
298
9
290
144
360
325
505
20
293
677
74
25
409
25
20
1321
877
128
857
260
829
89
340
0
68
261
1220
122
338
144
193
49
16
148
272
793
200
533
25
29
233
365
130
370
346
809
986
58
20
164
900
729
577
701
64
533
292
981
740
5
709
1445
365
225
1360
4
1460
34
500
1289
1153
369
13
362
740
181
104
1
306
100
144
81
65
593
261
90
965
962
148
576
514
85
162
405
256
848
25
505
45
580
808
425
197
61
41
26
565
1205
1237
325
754
421
754
73
180
269
180
324
677
25
74
149
40
10
97
82
490
82
37
269
40
953
353
26
256
29
298
72
725
292
1129
81
225
441
144
1053
466
305
1156
356
1616
338
538
13
153
173
16
260
466
225
245
1024
122
538
445
225
5
145
80
74
34
338
754
29
125
68
50
146
265
1556
338
89
89
82
377
20
281
232
208
325
370
128
117
85
256
162
1885
232
232
900
986
362
80
153
274
16
17
565
529
2210
1153
505
725
130
1040
17
530
468
148
20
340
98
185
4
445
305
181
692
569
137
464
949
144
265
833
53
13
10
65
125
0
116
410
221
1450
585
365
125
82
965
530
937
365
100
106
1332
82
193
181
272
289
445
81
36
178
16
0
386
1105
100
100
356
1
136
233
122
65
16
362
50
441
405
117
292
305
592
180
74
545
1
81
104
425
20
1
125
373
41
1130
16
130
484
529
962
5
80
29
153
64
244
349
257
97
445
218
82
265
130
424
442
394
200
265
121
170
850
425
162
676
170
221
808
73
1280
104
424
450
100
170
970
40
1
256
725
170
442
1156
90
65
545
1314
130
298
89
1972
25
425
482
820
68
1010
485
386
701
317
73
50
338
164
772
0
337
65
160
592
85
100
640
148
81
10
185
1
533
180
370
9
173
225
125
485
181
1613
801
325
369
160
797
89
265
208
801
50
325
1684
157
488
333
256
146
360
68
746
1933
605
82
45
225
65
97
144
661
272
650
16
50
634
178
1810
1105
68
20
58
685
265
932
1440
153
73
298
605
377
485
441
53
1369
205
289
13
314
328
32
829
58
2
290
233
0
90
666
493
162
281
689
128
170
260
104
290
100
730
125
73
293
90
225
425
370
5
320
442
370
45
18
180
522
340
317
221
313
361
909
200
26
49
1289
788
914
10
584
349
725
482
277
356
533
130
349
50
212
298
9
400
450
500
1009
554
298
677
146
442
122
298
584
810
145
689
257
493
180
149
104
157
290
1090
197
548
485
169
305
34
68
401
221
197
730
410
40
20
18
36
5
340
677
1989
1129
233
232
40
116
274
809
325
10
260
585
164
340
130
162
361
584
25
265
16
61
232
245
53
185
818
370
58
820
810
256
145
1017
196
49
65
85
41
225
317
10
548
545
340
821
173
657
50
193
269
290
356
117
257
296
900
185
85
997
137
229
436
356
185
634
362
260
802
185
185
1
1274
148
458
362
677
17
514
5
265
697
1352
5
281
793
293
421
65
221
530
225
365
250
802
1010
773
701
89
464
785
397
445
490
1153
65
400
410
985
333
40
981
29
397
145
457
388
493
1268
256
821
89
965
153
229
85
269
685
17
130
769
369
325
250
325
1044
18
349
865
173
324
16
698
881
197
1637
442
338
445
625
4
226
740
610
289
2689
85
101
25
41
185
241
361
20
4
754
116
314
656
272
628
410
130
106
314
461
592
914
200
37
625
4
485
241
153
256
9
458
392
164
26
369
125
592
865
657
37
482
226
181
765
452
820
0
289
101
425
680
34
100
37
233
16
13
256
13
685
125
53
400
17
234
260
26
505
34
386
49
833
157
485
13
873
194
680
113
9
1568
761
122
265
657
130
10
100
848
1157
1060
137
333
200
404
722
400
113
160
64
433
25
1985
4
580
964
904
628
113
265
61
170
52
113
128
505
13
569
941
1781
337
229
26
490
40
338
1033
50
577
698
170
328
965
593
18
685
98
130
1924
50
85
169
333
97
65
145
205
425
505
293
125
101
5
100
962
625
1049
386
185
61
178
225
629
200
520
605
180
229
232
569
73
296
157
65
40
36
274
221
392
169
25
1028
557
725
340
2340
802
1073
674
160
397
370
565
245
65
773
45
544
548
1762
50
50
36
218
772
1480
250
425
197
370
164
314
1060
130
261
148
3281
340
1229
162
234
1354
101
701
2020
229
162
25
557
289
2081
386
1305
773
41
113
34
530
81
677
729
386
173
193
481
698
416
244
338
0
144
785
41
72
400
533
226
689
269
148
468
36
685
245
104
170
45
40
346
493
585
520
578
296
148
685
65
244
949
260
765
9
365
117
314
845
520
257
500
1252
692
845
32
1189
800
113
289
466
185
4
5
173
65
164
13
530
740
205
490
904
689
260
98
549
137
68
2097
1492
729
81
549
580
90
538
221
5
661
410
113
281
49
169
185
81
585
106
40
778
121
361
2053
554
377
441
20
250
20
162
233
221
208
281
625
29
338
512
410
100
89
481
241
101
488
477
164
164
305
61
64
941
433
45
37
74
468
265
365
85
36
116
421
821
104
697
442
521
122
404
281
585
757
370
370
212
634
0
50
461
37
100
68
325
656
338
225
296
1201
457
720
562
653
229
901
40
545
369
85
386
4
986
89
32
625
394
130
733
841
1061
272
725
234
164
80
13
436
194
37
8
90
260
250
340
58
745
346
685
212
610
205
481
745
26
130
52
233
290
745
98
845
116
26
58
17
144
580
953
306
388
225
37
256
128
724
65
328
1604
164
802
36
1210
305
212
296
272
32
610
689
218
2
500
424
1037
520
17
306
82
325
5
596
136
522
433
425
466
706
305
778
821
26
520
13
109
1193
26
745
386
5
109
25
397
85
146
657
68
185
128
160
52
109
1049
121
121
121
85
100
50
829
13
121
109
397
442
34
612
205
832
452
9
85
1165
605
1138
272
170
272
122
52
100
274
162
1
274
289
901
185
16
314
533
65
97
272
1450
601
241
477
324
997
101
761
169
121
52
488
36
362
450
40
909
41
442
373
306
373
593
122
157
324
533
169
674
61
17
980
53
653
521
661
125
464
218
89
257
1000
82
90
180
52
400
1249
529
481
293
20
157
260
122
922
325
98
193
324
100
160
373
25
289
13
1384
548
634
122
145
410
52
505
1234
289
106
401
401
41
116
557
162
1021
202
202
580
650
97
784
116
145
410
52
100
533
493
1181
100
149
904
2349
225
202
4
725
85
197
965
20
10
500
169
706
89
32
493
89
809
81
337
170
265
130
265
212
493
637
82
193
373
121
137
257
136
10
1268
113
9
10
661
113
17
89
200
106
53
793
424
26
40
281
1201
80
20
128
97
125
160
153
101
13
29
529
244
178
1058
340
45
196
145
89
289
74
272
8
137
365
629
68
404
50
1
421
754
425
977
121
1289
441
45
610
68
441
692
401
41
305
137
314
466
337
180
872
320
146
4
346
205
68
68
257
169
26
397
772
657
617
450
757
625
386
25
400
170
305
0
458
584
1138
85
137
148
80
585
260
117
64
34
100
0
370
104
932
773
169
160
512
656
801
221
288
130
365
37
485
25
290
1105
26
185
34
666
65
485
821
180
232
109
340
121
450
650
36
577
290
61
45
212
626
146
181
360
68
333
65
901
1
425
153
666
45
45
360
36
148
29
61
576
9
769
49
185
401
346
148
977
260
25
64
80
26
488
425
116
505
397
610
245
212
85
929
90
97
25
370
25
488
116
232
468
689
1378
629
320
50
872
740
392
569
25
410
180
601
20
81
425
18
2
233
208
265
20
36
260
82
137
2
233
296
801
212
29
122
410
288
221
361
333
169
225
97
130
290
514
97
85
269
425
65
197
257
725
8
202
29
593
500
245
136
25
202
661
640
288
481
74
1205
305
820
485
10
530
1885
629
85
34
72
449
305
289
850
164
884
185
521
153
146
386
49
25
442
34
289
5
97
244
64
170
845
89
9
1088
477
148
205
52
113
50
269
202
1009
144
530
170
25
346
1049
81
128
245
785
500
530
370
29
562
1010
970
68
197
1010
433
20
832
500
628
784
260
610
34
106
65
149
145
410
400
125
122
797
260
562
500
338
4
292
241
433
185
481
656
50
64
730
562
261
365
80
445
586
365
293
820
65
265
104
1773
793
61
613
293
146
26
61
181
200
89
450
180
148
153
313
288
890
481
256
13
1885
1021
482
2020
193
225
36
121
485
340
85
65
457
169
82
41
250
97
360
305
370
80
65
121
233
612
74
377
80
144
617
74
13
306
13
765
260
144
353
32
181
962
34
1189
49
8
25
52
45
145
577
340
26
50
125
58
221
125
17
685
45
401
121
360
610
1394
85
104
361
85
873
29
18
481
193
36
466
722
340
145
149
36
997
514
144
25
500
761
10
200
49
26
1
81
74
160
464
113
650
277
410
340
117
153
410
936
1073
36
205
580
169
842
449
37
290
1
97
810
325
16
730
244
290
8
50
961
641
290
698
97
52
181
1130
65
361
298
377
261
149
484
274
544
722
212
85
673
25
181
130
145
193
26
196
482
101
97
416
106
386
180
265
20
16
225
162
305
689
484
136
50
205
533
617
293
306
116
2057
29
1160
481
388
197
818
164
500
226
373
245
580
1370
58
1537
1769
388
1322
370
106
404
170
328
401
409
121
73
40
436
20
180
0
64
1865
16
9
37
493
8
80
1082
197
18
13
277
317
850
265
5
65
41
65
857
157
1394
289
109
226
146
1
740
545
377
1138
13
466
146
170
52
122
416
125
101
234
346
298
205
170
365
612
25
610
370
425
1
225
628
676
257
65
225
5
289
104
205
269
100
18
29
145
90
74
338
221
256
117
193
74
49
16
101
554
58
298
833
117
196
1297
761
241
145
97
144
424
100
745
1170
200
740
436
712
221
1325
45
592
394
370
481
241
685
576
389
325
25
338
458
404
720
160
53
962
873
153
701
680
1322
200
25
90
146
130
338
290
196
116
400
50
130
37
250
18
592
205
117
65
58
712
100
445
232
389
52
121
233
441
450
290
97
0
1010
157
85
1312
445
674
346
145
64
37
386
493
68
785
577
296
482
100
1160
109
16
148
1229
202
1189
202
416
306
970
145
218
9
769
113
193
333
0
10
20
445
324
313
29
25
485
257
557
340
293
81
365
185
200
16
349
754
85
740
293
89
160
461
425
117
101
241
1157
288
356
101
778
637
605
549
565
320
866
585
626
52
605
234
488
37
808
162
650
26
226
164
64
90
970
500
52
260
477
36
292
641
89
125
145
232
10
449
349
149
41
53
178
928
40
369
400
125
221
225
370
130
306
25
226
109
144
458
1424
370
13
225
289
544
125
130
1
170
452
288
1210
164
450
725
580
4
265
10
52
157
730
50
970
293
290
153
445
149
136
361
130
162
73
961
605
244
450
53
145
109
2
389
529
80
841
725
650
148
202
181
761
137
388
136
425
144
40
181
185
130
9
650
1105
153
1733
162
442
117
34
289
477
53
514
650
61
461
58
145
257
325
370
26
1170
313
772
65
9
53
149
13
113
41
25
458
370
565
49
200
52
5
337
509
58
80
241
1184
377
485
293
320
481
1469
218
290
34
212
333
157
337
256
925
754
144
1
25
325
441
100
10
40
4
196
173
50
674
949
52
90
36
260
200
234
650
692
320
226
937
53
569
1024
180
26
865
234
45
225
260
34
89
325
325
197
244
9
361
202
745
1042
85
922
16
724
514
89
45
416
197
725
20
733
610
256
169
153
229
685
97
10
557
450
265
521
13
170
601
445
477
1433
2
65
1108
234
40
754
89
324
554
25
37
625
37
0
85
233
328
1
250
377
100
425
130
1600
338
576
500
68
1082
122
848
130
212
272
405
169
916
1300
369
245
225
953
289
585
1000
1616
544
325
242
369
229
100
404
41
29
205
377
106
244
569
121
1073
160
97
404
90
545
74
68
500
514
73
125
212
325
36
193
898
592
29
1325
169
34
769
1025
793
13
401
100
373
274
400
53
369
277
340
125
50
569
101
1585
296
18
541
34
52
130
482
260
85
578
1037
29
848
761
128
10
160
116
109
289
37
113
208
226
250
922
629
250
298
1237
1345
17
365
333
25
116
733
9
85
52
232
64
17
841
493
25
442
221
148
477
293
229
260
296
1444
149
490
36
85
26
1172
349
202
1530
685
121
65
157
205
90
410
101
65
584
9
170
25
549
289
205
500
89
52
265
193
793
333
482
296
353
484
436
89
85
65
298
481
617
500
41
810
197
853
218
13
461
169
580
116
325
425
185
180
5
225
145
1405
488
298
468
986
208
400
185
360
41
1289
169
1394
289
797
842
337
169
80
490
185
64
1378
337
205
250
169
8
729
1025
29
578
197
37
712
305
26
541
116
466
674
25
386
89
666
130
578
170
404
305
333
106
1409
421
365
850
205
981
605
653
113
121
841
200
500
145
221
433
522
493
1156
365
225
1114
613
218
130
298
333
221
1165
340
0
296
41
100
425
164
1289
733
389
226
113
325
208
221
208
289
74
361
450
1053
82
160
13
481
346
569
314
890
49
185
482
8
4
306
377
340
100
81
1413
452
5
477
245
29
100
689
394
169
52
113
73
685
234
101
277
194
212
13
145
821
1
1277
578
90
866
433
80
290
450
265
265
49
565
488
25
544
976
377
221
250
9
113
1325
1193
425
0
20
377
26
425
416
212
260
197
26
2965
601
317
53
1037
104
65
173
788
256
128
212
208
401
17
65
1090
100
441
3562
257
317
137
109
369
160
193
370
82
464
685
317
1
41
212
754
202
212
73
585
101
157
80
4
1872
9
650
218
313
833
685
289
221
16
74
25
562
468
754
397
617
13
32
337
74
40
233
265
0
425
36
410
121
17
81
122
500
41
104
89
1037
692
361
65
73
410
208
81
180
45
1649
149
653
148
16
338
452
64
16
637
153
169
522
257
109
221
117
829
421
100
1073
557
1
20
1
25
709
221
320
389
314
801
202
10
421
18
85
97
234
514
554
666
801
122
468
74
101
4
85
109
36
89
10
61
377
226
185
388
320
101
433
925
314
130
74
1220
292
353
145
241
20
865
157
85
169
1952
577
200
545
178
208
1058
65
360
370
130
1685
162
145
533
260
401
45
1225
221
8
101
970
578
409
52
226
146
117
58
145
1460
104
1
58
305
829
450
202
1537
629
612
481
457
961
265
666
324
37
160
225
52
724
82
328
101
100
53
25
290
8
274
202
50
18
370
257
725
890
260
49
109
250
290
529
274
512
1
233
16
260
74
677
698
821
514
109
82
5