25
245
116
232
845
445
261
89
89
40
50
104
137
580
1
772
425
585
980
52
281
89
181
290
1220
530
106
170
5
18
157
121
145
17
53
117
109
169
106
5
200
569
89
256
20
245
200
25
64
85
109
100
136
180
72
50
170
170
1170
520
81
640
657
121
10
245
221
74
225
178
121
157
221
9
242
242
377
9
160
17
1
1225
208
25
121
481
949
425
100
232
17
106
820
130
25
377
337
464
5
58
650
68
218
32
338
104
41
200
104
117
73
810
148
205
361
449
464
976
64
200
328
26
389
493
13
698
130
530
153
232
617
136
0
650
20
225
265
6545
40
50
121
241
128
181
485
116
493
145
49
578
9
34
610
149
32
117
41
530
101
2
314
298
36
720
200
289
2
421
425
145
245
164
293
464
272
109
20
260
45
900
761
325
53
9
113
617
229
692
9
226
314
520
121
661
145
274
544
25
101
1
265
629
433
317
265
424
481
109
45
405
296
137
170
185
441
577
360
137
337
73
90
585
445
340
37
274
196
226
244
365
34
405
241
288
68
529
277
265
197
52
34
997
369
601
10
80
26
125
145
325
61
820
85
977
73
72
144
634
457
389
146
401
45
225
185
144
256
1000
340
545
53
37
109
1044
116
1000
16
170
250
785
41
37
90
117
4
340
1440
153
325
181
18
65
229
116
290
1061
121
613
244
50
64
25
197
17
58
109
1220
101
360
40
738
232
10
296
208
265
101
1130
125
58
97
0
729
180
338
148
16
181
117
514
173
116
725
25
232
234
397
676
82
153
386
4
578
65
153
10
370
965
554
233
272
121
170
521
218
25
36
290
298
121
53
340
13
173
289
80
1025
584
25
41
61
484
1105
673
260
965
104
356
530
610
788
106
149
324
34
245
169
101
401
441
338
388
109
37
125
677
100
257
610
169
50
4
29
250
692
17
653
866
244
1205
242
193
493
386
148
250
169
145
260
144
333
16
146
74
241
97
193
64
85
169
104
793
325
464
50
409
261
562
193
353
389
1009
353
16
20
274
145
305
298
50
232
250
109
157
338
52
797
533
692
104
349
89
720
338
17
244
136
74
325
185
221
458
533
98
16
289
365
148
522
68
164
313
197
97
233
74
485
586
409
52
221
32
4
212
234
1170
1018
193
292
197
200
73
260
5
365
221
68
2
386
9
505
873
169
394
50
104
169
0
145
400
905
136
680
13
18
53
89
74
194
100
130
320
169
137
106
58
362
40
104
442
274
13
52
221
274
325
394
226
1261
196
400
657
1
178
90
325
65
58
58
1
17
205
313
85
325
400
313
232
306
65
612
80
41
117
136
109
484
569
637
585
65
361
10
754
256
325
148
593
122
720
145
424
389
218
81
333
196
4
317
585
4
650
509
225
346
306
164
340
85
101
109
401
325
289
41
173
130
554
45
53
484
37
90
337
500
137
116
104
1
18
49
80
37
146
29
4
148
202
104
485
53
193
313
145
788
181
306
4
85
41
145
586
9
596
841
725
5
522
580
493
317
433
170
145
0
900
200
81
36
181
106
100
50
488
20
34
45
293
85
1
260
666
650
738
82
178
520
137
164
577
45
901
265
612
53
40
4
157
137
272
818
241
25
562
386
845
538
82
369
121
49
1089
212
328
17
25
701
466
29
490
136
74
130
916
466
733
356
49
5
464
109
421
692
452
17
265
569
324
65
578
794
362
200
40
260
729
170
265
850
388
200
130
160
29
81
545
81
202
250
170
49
250
205
164
229
40
73
193
65
4
160
169
265
409
181
1
296
338
610
169
0
53
25
25
45
802
317
370
173
324
20
81
244
1125
170
250
325
144
340
1105
130
36
40
340
533
41
392
49
58
4
65
5
49
289
26
250
1249
97
10
1913
65
185
522
53
136
185
25
548
484
218
509
65
40
101
1261
45
637
109
725
101
592
185
25
340
909
136
153
194
218
170
353
578
1082
241
269
125
290
353
52
1165
13
233
50
200
401
65
202
181
900
666
296
170
577
232
82
445
125
109
85
162
157
746
26
97
226
58
457
433
16
2
13
104
50
136
977
202
0
82
4
41
72
1274
104
109
466
369
65
373
314
45
25
265
901
164
49
232
9
4
416
288
229
1480
394
81
4
20
386
225
706
106
45
5
90
250
113
144
985
338
104
629
41
485
17
605
68
13
10
272
61
305
80
0
81
202
185
104
149
73
493
746
289
234
64
90
53
488
241
650
328
2
436
125
58
458
52
113
17
97
50
130
68
548
18
272
25
130
85
50
520
74
81
100
337
4
1
145
200
692
53
585
1
104
185
10
205
49
137
98
45
122
904
173
10
128
101
461
333
146
65
65
274
136
25
544
170
500
9
104
1297
274
49
121
104
488
544
101
130
53
405
634
404
37
256
122
185
277
68
9
277
298
101
160
689
290
593
1042
337
185
68
37
50
225
185
676
65
1090
136
1069
256
905
81
81
369
196
9
149
180
557
208
596
36
116
169
81
242
904
185
65
149
245
530
245
82
181
200
225
208
377
250
289
73
34
180
916
905
585
169
221
289
10
17
585
200
17
0
202
416
40
845
101
221
53
490
538
793
457
548
256
250
784
82
234
1024
36
41
425
5
425
298
306
72
109
580
388
493
290
137
106
17
128
397
144
1348
305
441
100
90
962
450
584
180
61
416
130
58
529
18
128
250
298
185
160
130
320
1000
45
1202
709
26
40
53
100
52
425
26
1220
5
769
85
313
148
592
64
421
845
269
325
1
298
410
257
221
145
274
45
409
37
104
337
212
85
410
320
72
26
325
136
356
73
20
5
605
101
360
416
29
298
410
545
169
640
125
13
185
317
122
360
20
52
9
113
970
250
521
185
290
485
53
98
900
8
596
242
101
185
289
788
250
18
1377
457
169
424
576
73
522
260
442
89
389
2
325
153
26
81
162
605
698
109
625
4
5
442
128
89
234
580
144
10
205
314
580
85
901
170
26
65
234
250
41
100
17
233
337
109
197
145
298
45
100
197
40
250
104
281
16
18
490
272
45
226
40
153
530
650
290
109
377
25
2105
685
256
520
200
80
325
8
260
50
5
202
701
136
97
392
10
233
125
125
5
61
178
1
125
458
117
36
1664
136
169
1017
81
436
37
436
197
116
98
545
197
85
629
53
370
37
20
50
82
160
529
26
64
196
18
601
180
256
442
293
196
61
416
53
905
305
484
290
49
17
452
541
245
584
73
160
65
2
229
149
117
200
13
29
100
485
433
157
241
477
776
13
194
29
225
820
26
81
317
4
212
53
125
205
50
109
373
26
274
576
265
73
340
90
125
160
185
34
40
5
445
53
136
261
117
601
1
394
485
362
369
356
404
533
260
173
377
292
104
1765
484
256
50
1145
5
353
116
450
2
676
104
101
8
317
349
269
196
409
260
410
340
325
346
36
16
400
260
490
64
65
36
386
85
97
50
193
197
157
64
481
346
272
9
205
74
265
61
613
58
29
100
298
205
145
829
8
445
137
226
1274
905
117
29
29
610
13
205
89
5
58
1156
221
36
346
1225
661
712
386
305
488
146
85
26
20
106
197
193
292
225
25
100
122
389
18
208
109
148
178
52
800
137
109
241
148
4
313
328
125
529
164
64
85
205
89
170
377
34
221
218
772
610
36
89
125
202
20
185
200
226
20
113
481
692
289
104
97
106
2
148
225
482
484
202
80
208
425
545
241
157
121
225
68
509
850
37
17
180
292
90
32
845
976
338
241
18
170
226
113
157
1000
493
157
637
388
260
338
98
338
298
689
445
16
61
370
34
121
18
121
149
170
625
865
701
121
41
445
512
104
541
146
212
377
100
37
29
113
106
36
274
100
1108
34
290
2
180
677
148
5
196
697
34
49
68
34
185
144
338
100
149
324
221
205
160
146
265
104
1153
605
370
146
697
97
346
0
353
260
153
17
153
185
305
442
89
441
802
265
261
612
113
40
313
85
160
90
450
445
250
16
16
58
85
49
493
634
26
941
242
580
80
25
290
52
40
101
17
52
122
458
229
144
72
289
149
244
565
225
586
949
89
113
221
170
20
257
37
234
365
306
41
125
185
61
197
5
9
25
200
778
701
16
449
85
37
1733
181
40
200
529
424
689
25
424
200
493
901
585
538
40
20
212
106
20
226
29
185
628
692
305
74
857
85
29
545
49
90
169
369
320
905
50
5
394
340
85
212
10
90
701
181
409
25
16
389
169
754
1
325
116
65
100
226
305
1300
65
949
20
160
740
450
36
61
261
61
121
85
274
425
445
865
4
169
458
145
125
173
394
64
433
125
89
905
122
298
509
242
153
290
290
205
185
208
9
338
10
1325
5
250
202
697
281
100
218
404
160
233
153
16
269
45
4
637
305
146
89
5
298
337
400
522
436
65
169
265
810
80
4
97
109
425
20
125
337
256
145
52
260
74
136
785
424
349
81
41
340
260
64
144
290
328
85
170
404
2180
221
82
197
74
533
421
260
800
365
25
45
130
274
754
784
97
386
116
601
148
256
221
242
49
26
225
981
145
137
490
157
274
842
797
130
34
200
64
1097
256
89
9
196
73
50
1
257
257
130
41
181
229
625
225
208
50
676
26
89
337
1252
73
178
20
52
173
442
100
146
101
36
61
370
164
257
41
194
829
72
205
261
400
657
29
340
205
185
580
25
32
361
4
409
578
586
53
197
361
169
97
64
61
5
1108
1601
361
617
394
433
370
1105
61
18
2
26
26
26
101
257
549
34
325
40
820
53
505
50
296
305
401
5
260
397
194
1258
58
685
169
13
52
157
265
261
324
505
634
104
157
1
757
509
965
25
65
136
157
82
145
481
40
241
226
80
196
538
697
873
10
578
485
50
130
10
29
145
100
1000
121
144
529
225
100
298
234
458
452
144
85
82
53
25
205
250
626
785
481
185
50
365
482
530
180
178
125
106
64
157
544
173
1732
373
146
85
425
5
482
130
68
333
328
197
848
810
404
746
117
20
225
185
58
449
338
128
272
324
61
712
160
146
457
416
205
82
578
296
160
13
145
170
5
74
68
640
37
541
144
205
52
1693
425
4
13
90
72
410
229
914
136
562
98
25
5
25
10
481
50
445
136
549
10
85
85
221
242
17
180
521
181
34
922
577
293
68
113
1040
400
277
157
17
445
1189
793
36
37
16
233
85
226
325
61
2
520
296
346
52
36
937
221
320
90
4
37
13
218
136
0
353
125
20
1
25
153
45
202
260
404
244
64
292
74
109
388
65
45
85
522
4
557
64
25
169
914
49
100
925
661
50
52
509
580
1417
106
274
445
65
194
148
121
100
49
314
26
586
52
181
20
900
137
160
148
709
125
1325
73
97
125
130
4
784
16
144
145
205
356
586
657
562
26
404
80
450
25
80
212
481
277
500
520
65
360
34
274
25
26
1
40
17
937
36
106
850
226
72
72
34
72
125
32
26
936
544
34
72
274
13
234
169
73
85
26
401
585
65
0
100
68
185
13
160
72
242
180
40
666
680
712
221
37
80
290
698
128
265
269
305
288
29
925
580
37
333
20
325
52
10
797
20
208
16
656
50
245
324
809
1061
164
10
65
520
410
98
194
234
180
146
170
884
274
928
333
36
580
144
725
100
325
765
666
36
74
125
125
37
194
90
157
685
74
485
101
65
8
845
1
196
85
17
122
125
257
25
712
485
720
424
349
101
205
180
16
562
68
85
845
100
8
160
485
250
194
169
538
505
617
185
49
530
1
578
45
1138
1
373
100
452
289
397
676
416
9
193
157
800
338
277
52
290
45
113
229
281
229
149
1348
232
226
580
197
577
100
634
292
149
1229
233
10
580
232
0
1808
136
325
130
409
122
458
533
365
109
1189
121
657
34
386
25
450
157
17
340
424
40
25
200
130
657
41
410
9
164
169
73
50
740
17
520
325
421
40
145
421
281
260
388
32
101
218
520
50
245
82
452
884
289
208
932
185
1157
361
305
290
325
97
101
370
832
17
146
128
97
160
305
584
80
485
265
484
706
137
5
98
89
73
98
34
34
137
9
53
578
53
580
482
9
10
225
250
100
121
37
137
137
16
100
784
450
41
313
97
97
50
481
865
68
466
45
32
81
200
64
569
293
377
109
857
317
52
349
320
289
125
290
325
1690
73
137
40
17
137
1296
121
25
349
325
306
117
482
202
466
281
149
10
821
548
452
961
884
89
232
656
1224
965
653
16
325
882
225
340
225
730
450
13
305
17
305
116
80
450
484
89
169
577
64
233
164
130
386
218
50
146
100
49
592
85
674
53
521
845
37
73
26
194
325
194
549
106
324
370
5
125
1025
269
160
778
37
697
0
293
544
377
37
116
149
17
50
305
65
785
125
877
274
292
356
416
25
178
40
82
746
101
58
130
125
68
106
244
58
234
145
74
425
58
81
277
26
545
181
194
100
10
245
277
113
145
74
205
49
34
2
9
450
689
5
17
340
101
25
26
333
388
293
160
653
29
689
260
410
445
205
442
1684
73
1210
500
464
289
80
292
58
0
64
121
484
20
61
289
181
162
170
136
50
162
200
41
533
32
53
100
29
196
68
25
1
90
73
100
788
305
484
212
100
197
64
58
130
697
18
305
136
82
125
8
0
225
785
250
5
82
65
521
144
226
425
349
634
89
205
85
10
146
65
162
554
548
90
81
325
637
16
538
164
640
85
820
101
458
130
52
61
20
45
232
17
545
162
65
724
1557
53
520
221
298
65
41
61
81
196
569
292
265
1818
32
290
5
52
416
365
244
49
41
81
296
346
149
74
29
369
74
149
1
100
205
49
466
557
4
450
225
328
436
842
61
2
514
833
340
445
261
205
181
260
1025
218
193
52
68
116
493
829
325
36
5
52
265
52
125
305
160
212
116
520
185
170
64
205
274
289
265
41
340
9
436
605
289
785
1090
17
265
34
100
137
928
196
194
1172
197
305
29
226
37
178
580
144
290
136
666
40
265
277
337
197
10
41
577
653
265
441
533
170
936
5
458
25
650
0
49
101
225
464
250
1088
164
73
234
37
10
169
162
125
200
853
81
1402
386
676
314
592
4
221
185
205
100
128
185
218
421
90
244
0
194
113
441
290
410
288
450
36
226
394
0
317
512
1381
548
164
338
61
514
225
197
265
637
81
10
80
1061
17
121
353
458
81
97
153
674
137
29
529
226
32
545
697
1000
125
148
180
1
505
128
9
101
481
424
194
9
545
4
122
256
90
356
298
584
900
17
761
117
41
754
45
458
205
9
373
9
529
194
68
169
296
181
244
985
130
433
953
125
250
121
441
338
401
281
45
229
157
320
592
637
37
25
64
205
100
145
89
89
9
9
170
221
74
405
845
212
296
125
389
10
16
169
145
170
170
296
100
416
197
541
185
61
50
180
74
626
64
544
1856
281
200
40
313
117
218
10
365
130
1282
458
761
409
401
425
410
109
9
89
288
61
338
26
221
545
137
232
52
68
117
10
442
65
157
452
424
9
1445
170
82
25
377
18
50
185
820
0
442
657
260
85
692
157
292
857
58
45
324
557
196
1
32
80
100
89
320
436
162
466
144
445
109
232
225
121
146
965
26
265
74
20
369
740
337
9
130
13
185
362
90
392
185
200
205
61
185
218
130
52
146
274
117
170
68
34
1460
196
145
580
117
1061
17
82
41
73
117
925
125
170
584
484
394
40
13
458
8
173
245
128
820
144
45
16
101
81
712
185
388
250
793
242
9
522
554
145
50
409
225
74
450
170
72
212
36
41
85
584
325
656
954
585
397
1282
36
890
125
58
29
277
305
29
145
109
1
149
153
144
25
125
0
145
324
416
1773
125
82
169
50
305
200
97
72
657
802
1160
340
365
45
1165
725
500
58
40
234
365
125
242
26
72
685
212
153
226
241
50
500
85
424
185
325
169
13
37
256
845
296
576
452
37
136
234
17
400
202
116
185
64
34
256
801
49
113
457
260
160
445
10
634
245
178
610
269
610
72
98
41
445
205
52
116
841
81
265
85
290
29
445
109
17
169
170
701
400
65
32
1321
481
45
144
205
173
109
25
17
5
233
5
64
317
36
17
157
9
1
965
106
117
25
74
25
901
13
333
25
200
208
730
306
520
72
130
397
32
1625
20
58
829
25
325
101
410
50
193
178
256
328
145
461
29
685
845
146
325
333
169
104
65
257
136
265
193
125
20
164
16
137
233
365
530
724
317
260
50
170
841
205
45
136
340
0
97
37
701
522
113
234
257
17
145
5
386
125
229
962
9
261
169
1025
482
221
585
64
265
13
17
61
81
17
970
485
85
580
68
50
1252
104
81
212
229
545
146
485
360
405
626
25
596
82
293
17
17
1042
82
101
200
360
377
36
170
208
244
89
325
61
100
250
1
292
529
256
241
26
346
5
178
109
36
317
2161
25
545
80
221
772
85
709
41
181
685
800
65
101
20
169
193
305
277
185
65
144
100
290
101
377
290
125
1297
257
212
2
169
468
241
109
325
521
20
722
109
212
485
52
145
481
106
229
202
337
136
4
485
481
104
128
533
149
20
900
41
116
178
260
13
529
421
181
340
117
361
530
20
53
104
605
290
305
197
74
180
5
181
104
666
257
29
337
289
740
52
484
904
58
116
65
34
82
53
320
170
1
125
153
356
221
41
45
245
170
493
328
1205
18
10
117
298
1181
101
113
80
205
388
145
1296
1153
625
346
153
130
245
593
180
9
5
193
85
164
148
20
53
628
164
125
32
493
610
29
0
153
130
0
26
850
296
64
657
290
338
612
17
50
32
125
160
58
26
545
765
545
905
34
313
18
337
85
149
416
445
410
269
81
205
386
200
377
485
125
386
72
81
565
53
250
49
100
730
298
592
685
49
277
122
136
277
680
394
200
410
40
481
233
4
1233
169
64
74
1
370
377
121
653
505
26
2
221
36
289
832
421
17
4
130
169
548
160
25
125
65
100
61
130
386
49
104
193
666
101
449
101
200
226
706
485
232
169
256
157
85
250
85
272
145
137
193
25
178
65
340
2
52
81
277
41
586
445
29
117
101
522
173
100
81
488
725
377
197
5
85
8
281
325
565
10
153
605
850
137
145
208
221
580
153
65
17
676
442
328
137
481
629
241
148
41
34
169
377
169
104
986
205
605
1042
677
226
637
169
521
250
0
85
64
194
130
106
32
461
433
65
104
41
50
277
125
53
680
85
121
64
106
122
40
370
445
73
130
680
346
200
80
233
409
4
25
404
193
58
592
485
97
5
117
173
121
250
490
53
181
65
388
848
325
337
52
29
10
160
185
290
388
197
97
4
49
40
164
234
365
269
170
290
320
130
16
949
360
10
193
306
16
4
52
356
593
106
98
100
100
293
8
40
50
65
90
97
325
468
64
61
85
194
676
580
74
761
106
32
578
200
8
265
122
965
125
145
98
961
185
218
20
820
754
40
788
58
233
225
461
72
0
137
68
298
169
10
58
2
466
65
52
153
137
185
49
578
149
205
80
65
5
389
13
181
169
281
450
149
5
225
313
25
680
100
272
1117
162
104
45
281
881
128
1
244
117
784
289
106
82
421
324
200
13
193
290
100
362
97
962
170
265
745
269
232
61
45
37
5
17
25
584
232
2045
674
514
4
1
153
36
290
5
73
20
442
505
218
234
586
181
1730
2
41
29
146
32
181
1
13
185
409
353
200
116
10
1170
148
205
522
482
477
256
80
949
82
52
493
404
9
97
64
634
162
586
544
272
8
449
585
250
17
436
1
40
170
45
218
5
5
41
40
505
634
1025
106
16
185
386
100
125
157
256
530
392
17
416
257
8
586
144
225
242
157
157
65
65
45
245
64
26
37
442
485
98
578
325
481
353
13
746
97
442
100
26
74
265
361
89
101
194
13
242
841
985
296
9
601
832
265
232
45
121
25
73
377
565
52
505
305
40
320
101
100
17
72
205
773
104
34
53
13
250
730
1105
32
5
98
117
185
314
180
901
794
256
100
181
290
16
85
178
10
104
68
32
29
125
137
85
164
377
458
712
106
241
229
20
226
628
245
916
64
17
130
170
298
277
16
173
50
146
290
265
272
625
61
361
260
17
125
109
36
58
369
106
225
961
433
185
148
648
765
26
1
25
1028
338
53
281
144
25
436
202
26
90
169
173
74
104
49
265
81
90
292
45
241
17
185
106
425
421
257
41
97
136
194
8
40
82
202
229
377
370
421
97
58
306
772
49
293
20
29
72
100
197
269
41
533
356
400
232
144
441
80
689
52
17
9
82
89
785
680
698
1089
73
41
180
481
481
116
409
548
530
221
20
245
169
293
197
17
845
52
505
1049
361
200
1096
409
170
370
305
100
1378
1585
160
964
73
85
832
37
2
85
265
601
617
5
628
305
34
20
100
137
109
712
85
45
65
20
185
85
500
232
185
820
149
64
146
250
90
244
468
225
29
82
58
125
101
164
509
52
137
37
697
170
290
242
25
388
49
32
50
2
250
153
234
41
477
25
373
18
397
4
170
193
100
617
148
13
725
225
162
10
41
477
898
148
25
40
116
10
74
317
17
196
650
292
845
130
234
169
265
397
136
290
45
685
661
4
900
256
850
338
145
169
196
788
346
221
1
293
436
548
137
45
13
5
445
772
0
169
585
452
10
100
169
397
306
425
641
81
45
576
121
365
666
353
370
340
410
36
244
52
298
26
416
0
9
197
754
74
20
128
65
17
116
90
205
785
269
25
26
25
200
145
74
373
117
425
289
25
409
769
100
233
41
52
8
1165
9
122
250
121
25
85
425
1
424
865
16
265
65
185
157
113
1108
514
493
122
194
37
160
901
641
410
424
74
225
269
365
101
116
130
685
65
136
261
125
461
25
388
36
146
185
72
225
818
250
137
410
185
628
145
50
17
269
89
130
65
40
10
657
90
729
370
692
113
377
109
202
113
585
289
226
580
965
128
36
116
20
85
565
16
833
697
346
4
400
617
232
117
425
97
169
325
53
1040
72
269
818
208
650
290
538
9
1130
461
346
74
13
676
65
533
212
90
466
289
58
85
17
1
10
130
288
9
64
404
226
512
233
178
194
221
25
389
274
697
68
85
65
173
65
68
29
17
32
296
388
41
41
680
41
40
25
985
5
144
229
50
180
20
488
346
208
340
37
914
101
509
34
360
377
949
104
40
85
257
653
170
349
122
370
232
261
377
313
81
90
85
493
106
292
106
25
265
125
25
2
673
49
640
82
457
73
365
1237
221
500
208
121
365
441
265
477
148
277
1025
58
234
125
160
40
221
233
409
181
392
18
272
306
49
49
26
149
125
208
40
50
85
181
160
104
58
122
205
221
250
104
1018
50
305
541
296
208
377
305
97
685
265
0
416
500
205
85
277
37
306
873
360
225
484
925
250
9
505
64
377
320
637
512
241
40
36
109
452
144
116
170
58
410
16
1170
325
121
200
137
578
4
49
289
16
1
452
1250
25
160
261
5
121
1088
34
289
181
1066
36
61
82
548
400
706
397
802
481
100
173
85
61
0
221
202
40
68
353
148
377
1130
260
89
325
194
164
45
617
26
8
333
292
148
233
445
173
349
1
377
305
313
13
365
4
153
20
85
481
292
640
80
274
493
73
202
416
53
73
45
1165
820
250
173
953
898
16
4
625
160
37
1
250
185
1417
137
181
490
145
776
81
317
452
61
4
73
281
122
36
146
116
505
125
72
226
106
776
73
170
26
97
89
404
225
481
178
557
442
58
461
445
49
180
74
1
98
1156
101
18
170
90
338
40
340
674
164
29
250
185
232
104
520
90
113
80
365
545
1089
740
362
202
221
29
274
193
116
29
730
569
5
340
13
148
26
292
37
178
100
61
832
680
464
98
145
146
36
340
205
52
125
109
64
4
113
180
260
85
200
605
1424
389
656
185
113
269
41
73
290
409
388
125
289
73
34
576
13
490
10
250
100
144
745
36
194
202
16
104
242
250
85
1066
320
164
136
873
97
106
178
404
148
34
13
36
117
65
653
538
218
145
325
250
530
185
162
144
314
730
349
257
328
349
45
1060
137
450
314
388
349
64
400
9
218
1
149
194
58
9
146
68
200
397
58
50
53
136
117
346
1202
130
441
197
128
162
162
425
178
290
650
13
40
185
16
40
61
109
500
117
530
261
265
17
148
250
226
274
178
386
425
226
74
125
29
1
125
405
949
89
80
218
196
593
221
369
9
250
34
49
193
41
929
493
500
145
533
1160
8
37
2
13
820
169
61
226
425
0
29
746
610
1225
181
100
169
305
281
53
136
106
416
157
401
776
90
169
725
5
1421
290
145
64
25
256
377
197
340
740
109
4
97
130
85
205
452
208
853
146
293
730
85
265
194
521
337
265
808
584
170
36
97
25
256
738
61
169
145
5
370
185
360
10
346
610
40
205
233
449
26
592
169
628
757
64
274
733
250
565
205
505
565
605
185
866
493
410
202
178
65
340
160
2
72
73
634
145
401
212
290
356
45
18
637
389
40
80
153
180
232
898
477
260
65
676
409
225
101
505
1154
250
340
65
234
29
785
58
530
586
340
81
8
68
272
100
37
565
144
346
1945
85
113
164
234
85
34
232
212
290
5
245
676
10
410
25
25
125
461
202
277
450
116
5
337
325
20
100
80
250
1025
500
178
40
89
130
49
313
865
50
145
585
245
425
250
0
8
72
274
1145
1
337
25
1305
9
9
260
194
320
125
0
10
226
18
185
225
116
493
169
320
541
149
153
130
45
145
106
1373
512
325
916
225
29
73
53
962
324
160
541
20
1089
445
244
361
125
610
90
200
265
520
245
97
61
965
985
1090
49
9
260
25
833
104
61
265
130
256
290
197
725
101
100
1480
169
64
232
401
113
305
37
346
436
169
122
221
400
50
200
122
400
5
10
74
1010
5
101
122
1037
80
245
181
26
544
50
145
90
212
340
205
404
170
36
292
850
272
1
20
250
200
178
1361
458
18
148
20
305
13
36
65
706
305
169
746
445
202
10
185
145
89
173
333
482
410
137
125
25
765
305
404
293
1013
212
29
178
130
10
162
13
34
185
377
4
145
100
74
16
557
365
50
90
226
41
441
1073
505
160
194
305
1156
314
125
25
593
1
40
85
445
205
145
173
145
650
389
145
61
50
1028
181
17
1028
832
232
34
500
317
61
250
1394
122
25
2290
37
65
794
148
164
157
169
16
106
130
400
466
85
605
629
1138
180
16
164
544
10
4
392
205
81
85
136
1346
208
389
353
290
481
657
100
626
244
260
250
244
196
257
40
26
197
265
137
145
884
61
0
653
394
1044
145
205
233
234
74
145
169
1157
256
320
125
148
1525
362
580
404
394
442
37
530
442
162
725
425
800
265
245
293
128
221
610
9
730
674
233
233
442
34
452
29
170
377
488
346
185
1234
464
137
229
442
617
153
605
13
29
205
265
557
338
481
386
68
74
401
765
89
157
64
146
629
10
116
178
314
121
370
410
250
65
113
104
29
685
34
290
256
36
37
720
505
1268
36
65
445
26
130
365
400
1625
362
74
340
149
130
169
97
317
65
313
17
1300
173
745
106
340
650
461
37
72
32
9
554
493
289
269
17
745
317
761
225
17
340
1553
160
101
820
169
18
5
401
10
153
13
601
157
676
200
218
37
20
16
34
81
229
229
173
148
370
85
442
90
10
130
25
416
26
52
121
365
169
386
45
20
730
626
61
225
64
346
441
208
2000
37
193
26
117
116
306
13
425
954
373
64
52
685
729
617
394
41
146
80
170
281
605
0
225
2
196
73
657
481
585
290
208
137
200
845
194
1
145
306
104
4
481
677
100
305
80
272
13
202
52
80
72
277
72
73
145
82
37
205
136
317
650
272
173
208
986
4
113
40
45
100
8
265
65
90
32
548
257
25
25
136
58
338
265
116
369
10
53
109
136
25
234
100
100
225
730
81
808
53
482
97
10
73
340
181
125
338
257
562
58
137
281
37
289
40
290
202
698
17
250
130
13
73
16
20
205
369
369
386
181
85
458
212
89
325
82
340
25
58
53
9
397
292
293
40
58
533
1172
445
25
130
505
289
157
361
0
269
26
290
641
17
884
288
128
50
185
20
841
106
157
90
629
149
106
425
482
25
113
433
488
20
130
29
45
314
505
41
425
466
26
136
29
13
74
549
9
229
328
298
100
149
180
17
202
610
320
650
493
500
25
1
74
193
100
82
109
305
424
389
164
125
9
149
370
500
130
296
149
1152
146
65
685
400
261
484
740
136
365
40
89
325
468
657
25
5
256
2
10
720
305
8
65
369
585
544
149
692
1154
1396
26
65
218
173
493
136
121
389
185
481
4
269
148
148
226
26
148
320
169
338
100
349
53
541
260
106
20
196
488
17
500
200
197
260
25
377
289
169
196
1000
317
409
100
36
65
136
314
1
16
197
53
117
404
317
160
169
389
377
205
125
144
36
50
49
338
218
52
884
1492
144
117
325
244
257
52
50
160
349
289
468
16
365
360
233
361
218
605
37
85
5
160
101
784
298
45
65
585
338
25
196
41
369
629
346
74
4
68
170
1
1
82
0
468
37
52
701
410
233
121
733
441
41
25
394
325
325
585
68
4
100
325
689
1
36
0
221
74
74
25
845
82
221
457
650
65
130
100
89
441
45
370
202
229
5
53
13
104
146
425
85
290
65
640
449
20
356
388
872
80
25
65
701
1213
73
226
650
117
261
401
74
173
386
104
257
585
26
260
65
226
104
298
49
26
106
122
205
65
360
680
233
97
82
229
356
233
306
242
466
337
200
530
16
0
17
50
1156
0
212
997
290
328
85
296
89
58
610
40
1600
65
226
405
225
712
90
765
306
53
488
36
34
225
185
353
261
194
53
680
52
313
520
72
26
457
89
290
325
436
450
53
130
81
20
545
493
724
269
338
41
109
200
100
580
149
85
296
49
18
185
808
1
361
232
740
425
116
226
305
234
18
221
85
226
20
544
485
1261
328
65
49
1600
436
65
117
1305
16
8
157
9
40
296
1
0
80
50
293
261
1241
52
233
148
256
2228
157
82
656
260
34
36
314
208
113
205
724
41
261
233
144
2
117
229
932
765
292
157
205
1586
149
829
10
397
586
425
50
625
397
68
145
89
25
82
320
85
125
340
202
64
49
5
109
100
450
337
325
317
2125
298
193
169
128
16
257
1
9
505
706
260
125
441
25
565
45
1090
578
1972
65
461
500
772
10
45
221
25
337
81
52
82
305
25
4
656
369
64
325
36
10
277
98
340
20
712
500
49
269
52
65
106
109
169
82
202
730
64
229
98
520
433
1025
404
369
365
370
64
122
538
626
585
409
400
337
578
173
1285
36
626
121
689
274
41
137
229
157
1
9
181
225
121
169
445
1312
9
65
50
50
73
194
16
845
904
130
125
425
37
169
205
221
340
157
170
634
81
122
90
706
29
130
738
850
377
145
1025
538
100
25
196
82
229
18
40
34
520
257
549
164
49
169
40
1250
20
170
8
261
225
244
482
324
706
244
137
180
529
68
25
25
853
442
202
97
13
416
0
81
433
130
386
80
41
136
505
181
845
514
136
400
117
244
10
725
180
450
484
712
457
360
229
746
34
521
405
26
313
592
584
125
481
97
49
74
130
90
41
13
234
180
169
225
149
356
149
113
505
180
40
265
45
388
25
121
68
145
578
340
100
100
101
50
365
554
153
29
653
130
17
617
685
257
10
82
41
13
578
324
514
194
13
20
4
36
784
500
9
109
81
256
314
9
104
20
386
49
272
160
20
205
90
305
416
360
146
85
349
181
416
85
1521
346
290
349
193
866
4
586
290
58
10
245
522
37
16
1010
410
89
153
1097
90
117
485
200
85
50
477
629
261
52
778
256
629
52
337
45
50
272
25
778
145
788
144
901
196
449
250
370
41
26
613
164
16
81
82
16
10
117
100
136
325
173
121
200
2
916
325
196
306
265
97
58
1
401
52
477
26
293
137
49
41
4
8
298
169
61
68
130
34
466
97
289
377
205
360
109
97
41
458
65
3240
194
25
197
481
290
445
74
5
212
361
360
137
226
233
820
89
388
900
145
68
145
505
68
466
397
361
185
208
13
370
226
265
685
178
730
202
260
5
481
20
4
9
424
109
202
40
477
533
9
269
340
260
353
730
169
68
130
557
72
400
125
130
360
25
442
36
1
153
196
9
58
1066
689
205
1
221
157
289
545
208
349
545
226
53
842
113
565
410
317
197
793
74
221
233
514
733
145
25
314
170
365
229
4
225
377
34
793
9
370
317
68
145
34
97
113
4
208
340
153
185
514
97
208
289
269
442
45
212
225
178
18
26
626
26
25
162
529
314
10
457
81
13
25
101
1010
178
1
290
34
356
733
482
325
685
1
180
449
185
104
505
288
196
169
80
90
200
196
205
122
1088
1
404
85
9
205
325
116
34
50
100
337
74
61
850
61
74
73
250
36
274
58
144
293
576
185
13
218
146
250
26
340
122
265
593
653
173
81
125
149
212
34
29
818
90
100
89
225
25
196
40
45
205
148
36
180
89
477
205
242
9
256
40
200
25
109
144
89
610
533
72
328
53
244
377
656
53
16
377
149
25
425
221
101
169
20
53
32
445
90
80
533
130
338
34
218
144
32
661
244
17
117
245
328
101
481
20
841
260
185
1557
194
584
121
125
296
221
25
58
689
362
73
113
196
61
250
8
65
324
221
100
365
866
226
25
433
32
49
41
485
442
68
4
580
73
738
208
13
200
64
9
277
185
1129
5
208
720
657
34
97
242
5
85
234
20
802
80
10
754
128
10
205
205
106
697
10
369
121
232
464
4
64
41
404
260
225
73
250
53
962
397
353
32
25
452
36
53
205
52
692
40
45
53
1
180
1345
9
25
565
225
362
234
100
145
298
505
65
80
1465
484
49
10
173
505
36
34
20
146
80
260
194
82
400
64
257
425
50
8
761
65
170
113
16
65
730
53
85
72
40
929
61
841
433
170
265
25
328
1
100
409
265
25
10
20
626
34
457
10
333
305
425
586
234
36
61
130
89
121
49
637
193
233
50
392
362
337
162
356
45
90
577
37
605
130
169
325
73
137
493
289
36
290
1832
557
441
170
949
442
985
10
1105
205
64
113
136
361
36
157
104
485
377
170
689
200
1
226
17
404
232
200
113
121
724
1508
149
1000
565
61
458
36
170
233
298
80
68
256
410
577
788
218
197
260
5
226
185
441
529
65
64
305
557
1369
74
548
2146
117
100
578
10
274
289
100
200
164
754
365
848
61
20
445
106
877
289
324
801
80
370
45
356
16
25
845
16
225
234
117
585
410
601
81
65
260
65
45
180
26
205
365
45
10
181
160
128
425
226
596
136
50
45
49
121
130
26
538
400
325
225
128
909
185
125
265
13
520
601
17
450
650
605
113
466
820
36
261
169
482
493
153
205
557
97
85
65
1
256
709
362
122
493
410
41
32
1010
245
757
841
50
137
685
260
61
485
16
153
205
229
436
29
25
425
269
212
1
49
325
144
144
409
149
157
293
197
313
442
340
10
173
41
9
450
10
50
90
37
36
104
74
65
244
81
74
298
72
233
37
36
17
242
320
673
53
1690
9
157
145
985
305
116
337
884
626
397
410
424
261
221
202
225
388
680
26
650
997
113
656
41
169
514
125
29
36
173
601
290
361
64
202
17
229
850
125
416
0
160
613
68
218
10
520
365
65
226
272
153
68
25
100
212
80
82
1089
377
85
225
541
338
202
362
100
745
37
16
130
1157
173
194
100
586
13
136
173
164
1
449
256
1
650
25
41
433
245
592
409
173
205
545
232
32
260
104
100
356
72
4
401
130
89
196
109
425
26
404
81
34
16
2
505
377
442
529
82
949
260
125
466
241
64
10
128
269
244
370
178
85
810
545
980
53
121
250
185
260
97
26
353
361
68
272
40
41
9
8
16
245
100
136
16
4
320
36
445
97
178
493
290
370
125
452
514
25
37
208
832
386
272
698
29
1226
793
100
850
260
100
73
314
13
50
148
509
26
101
800
136
50
25
466
25
4
305
64
320
477
377
442
194
404
377
596
221
226
18
629
17
388
289
353
365
442
65
4
194
601
1513
40
65
226
97
493
169
466
116
89
25
17
1073
65
404
477
53
365
361
101
218
50
17
1160
256
160
218
305
153
104
514
200
170
10
229
208
545
269
353
360
202
404
34
185
333
181
205
349
64
1017
225
16
521
305
656
337
97
281
305
181
333
25
50
365
173
545
149
265
81
980
194
29
16
229
101
85
389
13
29
313
689
260
116
68
500
1117
125
113
288
64
1
900
52
244
200
37
521
97
5
865
61
349
65
365
116
157
221
37
52
1073
305
49
25
289
89
650
289
72
242
85
360
29
149
5
433
125
185
761
36
136
793
289
234
325
122
25
36
29
290
265
153
49
242
274
109
52
416
13
145
881
1
274
97
281
26
484
89
109
145
293
2
461
221
20
400
554
349
144
185
488
481
400
45
457
121
442
232
89
170
458
976
45
362
9
205
533
130
244
212
565
533
49
61
544
208
121
776
98
549
20
101
181
130
125
298
130
45
136
136
97
450
346
733
641
130
653
74
136
0
701
85
122
338
101
436
274
1
80
580
65
925
50
425
241
5
829
130
720
34
442
73
16
160
29
260
169
405
845
493
365
745
656
9
365
898
289
4
50
481
353
74
666
74
362
26
157
905
68
250
4
1930
13
45
424
866
477
130
257
100
34
225
218
10
74
850
90
16
197
218
20
353
1481
365
425
4
1160
538
260
205
932
605
10
85
37
580
40
226
20
200
29
181
245
145
360
25
194
68
306
360
160
9
73
81
145
317
58
4
257
121
146
97
369
365
162
34
226
180
410
121
530
58
292
482
725
104
25
1105
580
449
290
85
212
180
170
149
17
610
64
485
1405
245
610
8
97
353
529
928
404
289
500
100
90
292
265
25
265
932
505
17
377
221
0
74
493
477
173
49
401
232
10
17
578
10
40
153
53
36
197
362
772
185
800
136
130
260
226
544
136
904
169
25
58
232
244
229
404
144
404
185
49
340
241
153
530
289
157
104
610
89
145
64
778
45
424
193
50
1172
250
221
1773
261
41
593
461
9
145
272
337
9
365
106
692
1025
349
160
9
360
397
169
130
73
45
208
153
125
13
373
1
740
229
226
250
13
884
1
65
225
104
225
730
125
257
10
130
68
873
145
10
194
50
353
116
113
74
180
197
145
338
37
104
333
701
225
40
241
58
169
800
274
905
20
73
9
324
185
58
10
514
356
234
130
256
306
410
100
53
477
793
113
164
361
361
800
73
1300
97
18
125
81
298
157
130
500
18
185
1570
586
65
121
40
640
185
9
90
208
25
16
73
370
793
37
37
601
68
53
628
466
49
73
80
225
196
20
320
113
41
410
433
25
333
225
40
965
657
109
584
125
325
865
173
50
64
73
81
64
2
225
109
52
26
680
169
585
197
26
605
106
613
800
265
416
445
281
265
1418
225
20
16
85
1
85
130
250
425
685
1
485
25
1088
314
144
340
49
130
106
356
365
425
25
241
196
410
586
605
125
625
20
290
265
20
509
425
97
121
541
13
113
613
218
505
360
585
90
25
65
40
49
98
250
1370
232
577
17
61
250
488
80
136
953
1024
34
346
221
800
269
29
549
148
296
256
20
514
245
101
97
205
338
74
16
25
612
65
234
361
261
74
225
1629
146
305
1009
212
9
338
36
200
72
9
100
256
305
505
1
148
52
260
50
580
1525
169
80
205
164
281
8
162
9
72
445
338
169
170
185
101
100
73
401
17
1076
144
424
410
290
257
338
353
65
130
629
565
346
73
50
49
333
625
53
113
226
0
121
421
466
493
5
25
841
333
49
40
628
125
260
337
369
865
53
29
116
425
58
306
25
776
625
50
32
320
533
481
250
260
40
85
180
37
53
185
290
200
925
261
82
82
404
936
90
1250
34
36
16
170
485
353
145
37
145
125
80
180
169
117
200
180
170
169
85
689
305
1170
173
80
676
242
425
52
637
2
121
64
241
842
170
194
34
549
73
810
74
738
477
136
13
128
65
269
225
218
457
202
370
377
320
298
377
145
181
661
101
388
405
85
373
533
121
225
425
25
225
698
13
9
170
181
1256
362
292
169
97
29
149
122
82
74
325
116
281
65
149
325
50
85
169
986
17
29
281
260
797
389
101
65
25
85
225
274
40
466
26
596
2960
61
225
52
85
9
10
37
13
104
100
136
145
596
18
9
964
37
356
85
181
125
146
229
36
689
144
232
116
260
425
257
185
64
160
50
197
170
306
130
145
289
233
245
97
157
225
241
125
10
338
72
218
81
29
425
160
197
377
1
181
169
530
25
90
85
250
72
9
164
289
1565
370
242
450
32
170
306
16
74
449
162
40
325
17
389
116
200
9
25
121
146
565
1
17
274
333
72
281
109
64
53
388
68
221
937
160
170
265
193
0
369
640
149
122
676
100
10
9
178
52
169
488
605
925
745
225
196
9
4
65
1252
90
325
137
16
104
53
765
964
169
698
692
490
1237
317
29
493
5
130
65
29
117
82
373
585
61
269
10
137
794
136
461
657
305
104
146
218
226
80
265
17
17
146
4
450
130
653
13
1061
389
226
144
185
164
421
481
170
441
522
245
68
185
1
260
565
193
212
425
388
116
153
40
962
477
1258
164
338
185
338
40
170
18
10
261
505
233
370
113
829
82
425
369
16
25
340
306
441
100
1138
405
49
73
200
65
274
520
106
468
625
98
68
370
25
36
416
245
356
81
289
725
81
232
328
146
424
333
146
349
233
370
386
320
250
82
205
4
5
265
884
548
653
641
81
26
208
145
293
545
225
100
73
146
232
256
149
64
52
157
265
580
10
185
289
605
73
586
148
810
205
482
181
4
153
10
65
0
306
25
144
104
360
61
16
68
738
400
221
250
121
484
97
185
290
130
205
26
89
340
13
45
1226
49
113
144
265
116
170
130
298
493
196
424
548
386
369
26
436
85
5
225
68
544
25
464
1
197
320
250
18
18
101
13
130
722
17
628
205
169
181
17
125
160
832
244
145
733
169
113
117
936
680
160
757
40
10
109
404
113
9
137
225
185
225
173
277
193
485
548
85
1213
148
232
1385
130
761
130
122
104
104
144
256
90
18
257
1165
90
61
101
117
340
361
13
452
272
25
146
234
338
610
61
149
16
554
40
9
585
289
370
97
121
100
482
425
144
130
293
250
1109
58
45
218
425
65
466
361
173
353
212
145
130
520
58
485
100
505
317
64
522
244
25
85
424
810
592
49
500
8
346
85
410
25
100
265
85
353
82
785
36
936
125
265
338
445
360
85
26
125
490
541
226
212
677
337
116
122
425
338
205
125
577
170
233
477
200
185
298
157
185
680
20
153
130
389
449
212
397
232
709
392
466
265
74
65
932
81
520
36
162
37
436
325
97
773
425
370
200
40
953
421
145
845
109
680
61
125
169
32
306
9
416
122
404
481
785
9
109
64
328
72
73
160
121
49
25
416
104
433
324
697
232
36
181
61
277
333
225
74
16
509
64
522
274
170
8
17
226
477
244
89
610
404
208
629
226
13
193
544
41
850
265
320
452
1096
16
232
580
500
810
73
53
325
202
68
409
225
101
137
101
818
484
137
137
85
674
232
50
17
1378
169
296
200
52
193
36
64
116
272
9
181
80
641
122
116
265
980
169
64
90
180
81
65
136
449
225
4
170
340
405
545
169
565
100
410
0
197
26
64
421
241
37
148
20
40
164
157
8
689
421
34
144
392
746
409
160
130
485
340
509
425
169
18
153
457
153
554
89
260
29
130
16
74
45
1114
197
485
1153
373
425
122
85
625
373
137
370
218
269
34
1873
793
180
353
290
160
1088
425
80
17
337
425
410
421
277
20
13
845
61
9
68
72
433
324
37
234
325
125
1
53
292
493
586
793
89
405
185
85
362
85
562
73
185
386
538
256
25
845
185
178
1370
925
17
185
197
104
9
73
130
113
53
208
89
37
29
386
628
164
64
26
157
81
148
80
106
153
121
178
458
257
208
425
101
180
68
289
317
314
776
650
37
169
90
65
200
500
509
452
320
10
25
50
157
20
505
10
128
450
58
194
173
349
274
234
41
145
170
421
386
29
1130
32
1
269
530
410
401
80
104
17
89
109
169
65
576
305
36
576
425
170
125
464
4
625
545
89
256
1508
353
202
745
562
40
169
73
605
37
8
226
100
10
4
1
20
101
40
205
554
365
29
697
32
130
137
101
482
356
554
1321
121
17
125
290
4
68
292
205
52
1154
466
389
169
362
5
106
41
116
9
442
194
232
577
81
64
208
58
100
394
400
25
829
82
121
769
80
68
145
170
53
784
365
349
53
113
250
377
162
200
45
306
64
370
178
260
250
178
225
697
8
97
149
52
388
629
181
81
113
340
73
289
1237
208
50
65
41
137
461
106
29
18
400
730
793
212
170
365
289
53
10
170
13
185
370
890
425
337
433
25
317
40
185
90
20
673
269
793
365
754
416
48