82
370
200
530
1114
657
178
128
481
610
181
637
925
314
260
169
101
34
36
32
9
121
397
37
730
185
74
673
98
477
256
128
1088
290
256
776
109
853
305
340
36
701
765
802
457
1521
1226
468
64
65
130
218
305
505
113
1220
5
1013
148
170
754
841
541
650
845
65
661
1098
610
1061
226
1033
882
338
82
1
349
200
272
424
125
257
29
961
320
73
1625
100
409
136
320
997
388
1417
130
1234
442
117
1009
641
41
178
1130
58
386
772
337
81
221
25
25
130
338
53
1565
445
356
148
520
481
148
121
821
45
2
26
397
3546
424
349
10
569
785
884
610
50
625
1
1165
169
1985
145
785
197
16
325
130
64
26
340
505
136
689
929
65
233
9
1681
122
256
404
130
36
730
221
778
64
37
160
265
610
225
121
265
250
50
169
340
36
53
117
901
881
272
680
365
90
529
25
569
20
205
277
196
2
409
1049
52
29
10
272
450
53
325
116
148
250
85
436
629
1865
538
100
689
90
130
338
314
85
865
281
698
1250
65
40
106
650
145
74
72
692
41
484
520
1024
761
338
1480
53
73
226
362
4
1586
338
100
16
370
169
466
685
170
250
100
745
1010
445
929
778
245
349
585
226
445
464
145
89
109
941
157
596
485
0
745
1153
50
233
1000
45
965
149
4
612
13
970
298
628
697
650
461
197
200
5
424
145
722
529
314
26
306
26
1730
202
650
1517
1444
565
136
325
325
37
68
709
72
85
1961
225
765
202
1769
229
436
5
49
584
5
425
100
485
137
265
697
17
160
306
61
16
656
808
1657
970
4
197
160
289
520
122
1189
146
533
100
137
1
36
1845
314
730
169
37
650
554
36
106
130
113
89
1
370
578
245
40
821
1777
1028
493
20
265
314
697
116
178
1089
325
340
73
848
85
250
113
81
10
265
340
122
153
218
745
117
241
4
17
130
17
194
25
436
153
202
130
328
265
697
117
612
49
1010
197
241
325
485
289
193
365
832
225
169
81
362
25
106
121
578
692
100
98
793
185
776
410
261
104
61
146
409
370
160
144
962
457
1629
260
74
25
9
349
194
229
145
842
130
29
349
1060
52
1060
2080
320
325
25
325
488
164
1033
1040
725
1681
265
72
2125
410
29
109
314
449
170
820
41
373
1453
585
257
1341
125
416
200
1
40
450
125
104
397
388
337
873
680
1037
205
1009
441
338
514
180
578
1450
52
85
290
529
113
148
293
164
13
212
725
226
153
90
338
109
81
221
221
260
101
520
692
653
37
1469
745
125
153
1040
50
356
1789
17
36
185
1217
377
157
10
2050
820
1325
333
745
449
80
265
197
26
610
1089
485
293
36
130
493
10
197
576
605
109
481
73
578
697
360
746
325
365
733
433
625
410
61
81
260
1258
425
810
68
970
305
1217
509
720
452
269
2434
601
250
442
277
612
74
314
305
730
1445
90
64
292
178
81
306
592
305
20
9
842
193
10
205
113
580
274
260
58
980
194
325
13
74
725
65
884
916
701
68
925
244
85
29
160
404
130
362
32
82
45
676
244
2
117
145
208
80
914
1448
593
298
450
482
29
36
2605
181
169
100
117
181
1480
965
113
441
202
313
520
25
306
196
181
260
74
338
17
361
776
146
52
1105
370
36
241
512
650
493
10
338
1153
1261
754
740
314
225
4
136
173
197
578
45
109
576
673
785
820
725
689
45
538
106
136
3833
458
64
1801
0
106
577
29
394
410
145
136
82
845
58
481
1042
457
178
905
877
145
337
145
401
128
1040
101
178
74
104
410
101
218
193
200
37
117
362
25
261
125
173
689
580
1
445
481
233
592
370
10
0
121
650
73
145
313
386
41
257
212
1186
445
261
53
261
545
144
500
676
250
16
29
100
265
34
200
1714
153
265
865
2
193
656
477
233
137
1300
1553
1693
554
1970
196
1156
193
13
205
730
580
397
421
125
137
650
260
1465
914
1418
441
445
685
185
740
1060
377
416
1
169
845
1129
410
829
1945
500
122
0
612
377
281
41
305
296
1769
125
37
185
36
1037
106
585
29
2005
617
325
89
356
533
1213
313
776
58
122
145
857
970
377
1832
205
64
37
433
25
130
485
80
481
234
845
733
765
548
106
353
260
845
592
1556
13
445
37
533
265
533
626
932
680
26
842
117
277
901
353
170
290
130
53
145
205
338
610
857
797
730
533
626
169
61
50
122
197
362
592
242
784
356
225
41
314
1234
628
976
601
197
445
845
130
85
64
461
388
64
457
34
442
109
549
269
109
641
50
61
225
106
121
218
365
916
64
61
848
389
697
244
144
205
74
185
106
260
10
410
50
17
314
121
82
170
562
125
25
545
317
233
464
949
1985
296
234
26
701
296
1105
233
482
340
386
577
1109
5
1570
65
65
145
157
866
289
810
82
68
1009
565
32
1621
41
1160
185
289
45
17
514
724
565
577
481
1585
1201
360
580
82
37
113
500
10
221
80
260
637
729
65
65
265
457
5
109
196
720
484
233
520
205
986
26
340
274
416
997
793
20
1513
185
353
221
481
37
45
101
482
34
157
458
185
386
1585
106
676
514
625
106
232
900
449
2336
1810
50
65
757
653
109
121
562
410
340
441
160
50
809
136
577
505
137
221
269
1369
98
73
281
260
1933
164
256
170
25
325
178
740
250
809
136
584
290
968
180
773
409
305
68
746
234
985
577
265
909
340
45
360
740
225
612
196
2
386
289
538
52
64
0
104
130
562
2561
461
205
13
97
397
136
4
137
289
1385
425
26
9
245
1424
625
650
365
90
450
680
401
89
52
1
170
85
538
1168
13
137
53
169
986
9
9
584
296
169
144
229
730
130
544
769
194
541
1369
50
388
205
37
898
68
1117
1241
89
477
81
394
324
244
784
324
1744
0
85
9
754
226
441
260
424
325
256
5
305
820
529
193
848
117
493
685
377
185
194
325
1885
2533
1865
109
137
265
1018
305
1172
29
232
457
85
85
281
709
5
290
144
185
481
229
1033
386
173
242
104
181
233
25
592
2624
41
64
765
1277
9
53
97
153
64
20
125
13
265
1384
2
580
37
49
685
13
68
841
9
225
25
1097
53
100
325
25
36
122
164
522
346
409
466
445
1073
746
52
193
634
181
466
698
340
634
106
522
25
1241
365
101
585
765
290
1090
113
1021
509
36
169
41
1000
25
250
533
50
442
146
445
493
976
2417
592
394
13
461
292
80
136
4
221
125
18
146
173
585
85
610
1105
509
225
257
74
512
256
225
1381
146
1145
272
404
116
425
200
157
337
610
981
296
109
677
400
809
9
2509
160
180
100
373
180
505
962
221
904
1940
121
162
169
1160
785
324
200
232
901
61
324
1069
637
245
845
337
730
377
554
121
41
37
477
34
592
361
130
676
970
74
80
580
450
484
205
2837
80
821
37
369
905
200
778
305
689
1514
116
377
1492
738
1424
50
4
333
121
205
1160
386
113
90
52
9
442
221
305
593
340
82
1229
580
130
52
25
109
629
1098
445
386
104
0
64
9
370
314
666
596
202
40
34
410
185
1321
185
130
365
178
904
832
117
305
32
106
260
53
180
626
45
865
37
178
545
500
850
36
613
9
325
1105
180
436
145
685
425
169
221
296
929
1145
145
544
485
772
89
245
1665
193
58
1352
320
65
53
746
529
74
281
1
692
450
116
256
360
148
337
100
36
244
1258
149
313
298
128
45
205
405
144
613
281
820
593
370
416
1105
50
610
882
325
410
1210
1780
361
100
245
1098
740
221
144
712
1
185
26
298
388
873
245
305
325
157
545
122
433
666
136
260
205
468
113
845
148
850
58
257
370
388
170
901
941
305
306
725
53
637
68
292
244
706
229
85
698
484
153
1076
505
170
1384
685
466
685
416
845
461
125
401
1153
281
98
72
980
50
100
1025
65
1300
160
5
292
130
74
452
65
101
100
218
61
449
610
340
729
1300
733
520
433
925
676
842
745
405
82
1754
180
457
196
450
505
1098
800
117
482
521
8
464
1466
370
314
400
325
289
100
1872
117
34
666
50
65
772
370
61
625
369
1586
65
2020
80
148
130
1165
4
765
58
1733
265
36
53
1861
245
365
98
125
1305
593
98
125
205
306
1114
180
185
85
144
394
41
116
640
98
405
58
289
386
370
409
109
290
370
1105
533
9
1297
373
74
305
5
73
457
370
754
26
180
25
49
2
656
225
225
109
98
90
841
58
244
340
1066
873
809
533
5
178
1369
162
29
617
26
505
122
137
53
493
36
829
441
1525
1189
904
221
40
970
193
424
613
233
160
2
305
626
610
436
202
2105
493
97
425
58
1108
73
0
676
29
416
1682
16
425
505
269
205
490
20
349
97
1261
865
1369
290
585
205
421
73
10
400
1570
761
425
58
146
50
185
697
325
457
202
389
26
5
793
34
148
45
265
970
36
369
178
225
290
1586
488
490
565
578
468
261
82
58
2089
1585
26
637
169
50
685
541
505
745
116
388
637
106
1
169
136
265
97
25
656
565
157
41
250
169
218
362
146
50
1370
650
328
788
40
212
146
1
80
317
29
148
1369
333
425
221
74
170
250
169
2592
256
1417
452
170
1124
130
97
113
365
244
225
181
1186
586
250
333
724
97
890
10
181
797
196
712
500
625
362
149
64
145
445
45
1066
601
122
333
733
577
900
580
17
1385
241
125
666
90
773
261
596
613
128
89
346
25
720
98
1960
164
557
49
401
74
1360
916
97
29
290
500
729
50
925
65
877
425
197
265
845
1480
592
484
81
164
1157
45
5
265
121
578
205
545
729
261
18
637
292
37
445
757
457
1314
145
68
53
208
625
37
225
1625
16
365
306
242
18
170
904
25
232
333
50
128
1168
104
346
634
109
1
196
26
377
45
452
320
260
256
641
53
580
1105
289
1493
41
125
196
100
484
1250
701
32
25
218
1098
17
20
298
162
226
797
121
488
68
200
1028
592
1360
100
850
80
1445
1044
185
178
320
416
884
333
160
160
233
212
80
25
90
625
34
1
1280
205
965
1600
148
85
170
50
9
257
1042
421
34
125
292
1049
425
601
45
468
146
361
369
425
226
565
4
205
149
169
58
493
965
873
49
346
901
810
130
1096
724
1189
50
1684
121
709
13
685
725
370
145
290
1073
164
2509
196
145
1952
514
500
185
100
29
65
394
872
328
493
20
388
1033
328
53
100
397
1205
225
725
1377
637
305
680
170
212
85
305
265
549
0
185
641
338
202
520
72
169
194
2258
416
337
720
800
554
73
549
257
36
450
580
1384
324
