9
185
164
36
373
394
404
13
173
10
164
34
37
32
653
482
34
1930
580
106
25
416
98
493
450
464
1681
296
685
149
738
305
16
449
2009
362
1773
610
208
205
697
125
180
337
81
32
505
65
194
500
305
29
729
9
208
514
738
692
221
562
2312
89
250
65
1250
2
900
212
701
1448
116
596
97
1258
232
509
232
1105
533
25
509
290
1421
97
1089
810
1780
32
34
338
130
530
40
72
421
50
26
841
100
148
81
61
485
512
482
324
128
442
404
34
221
320
136
1
117
170
745
890
425
2097
9
317
324
173
509
1
1017
677
13
25
144
557
1225
1316
117
170
205
538
52
5
89
97
225
637
208
909
25
17
1189
5
1049
106
13
241
9
500
1360
101
626
754
98
625
173
265
529
325
1
529
34
778
125
2
136
145
64
16
361
505
530
1189
29
45
724
225
181
18
325
493
4
305
457
50
101
1396
386
170
234
745
281
130
584
146
34
596
801
290
845
25
277
272
521
1
1445
148
52
1377
405
145
442
104
1069
404
272
144
1594
386
1076
1621
25
425
545
424
73
337
290
674
626
2336
9
925
325
980
64
137
509
530
1360
16
185
1898
1370
37
361
9
73
1129
200
232
37
65
441
82
629
200
674
85
100
32
1805
338
170
16
113
650
801
676
1076
53
234
1433
1385
410
125
625
2041
130
1746
169
281
244
26
2873
257
221
208
169
40
68
610
256
530
909
170
680
466
50
410
2
97
2333
34
8
373
85
101
325
401
298
85
461
257
400
13
233
333
196
157
653
281
433
538
338
277
466
842
673
653
25
965
637
290
205
1037
185
541
650
533
305
8
269
256
373
272
100
898
980
1165
410
160
274
1124
288
73
290
53
170
85
157
601
410
293
225
488
250
116
5
562
673
272
5
377
233
610
569
257
877
101
125
400
269
725
653
481
16
145
181
365
202
72
340
493
1921
260
421
49
1025
218
1325
149
233
745
425
1802
773
45
493
685
637
29
170
340
130
1010
325
468
538
40
185
40
962
277
109
370
626
146
349
9
442
8
676
149
265
545
170
50
1
410
180
1226
360
533
29
1352
421
244
32
16
442
1717
130
256
410
74
773
1369
445
164
925
1325
640
130
298
545
13
626
757
625
1073
1186
333
52
180
229
740
305
788
461
629
50
481
130
100
392
356
185
61
196
89
20
97
74
949
325
1160
169
53
648
200
225
596
1360
74
298
250
260
305
661
2026
585
157
400
653
898
592
1621
306
370
477
164
793
370
1714
233
565
386
29
360
136
116
306
325
41
601
100
545
1600
274
170
884
1090
314
32
241
488
130
949
1664
410
298
580
125
64
18
953
232
4
26
200
333
409
196
1609
250
985
765
196
58
365
1325
109
514
52
1
386
104
722
50
9
512
1460
809
153
778
41
865
36
170
125
754
333
0
85
673
146
305
80
153
82
25
16
314
820
1733
445
293
144
0
346
377
452
637
397
292
466
25
585
125
625
365
1845
234
549
289
1277
82
170
832
841
1025
961
4
200
388
601
81
452
410
369
457
281
2529
45
52
36
305
53
586
2581
64
50
34
797
61
360
1945
1234
41
557
392
325
125
52
356
457
2498
265
1105
200
1125
673
81
2385
1549
802
137
8
82
1825
104
153
250
324
178
13
41
392
533
1429
445
1813
136
208
877
514
584
776
1300
829
128
925
425
25
178
293
89
289
421
1224
361
365
872
1076
337
80
578
650
784
100
250
416
116
656
121
193
425
625
148
746
241
90
1721
1300
370
32
305
1117
821
650
533
26
100
2401
628
905
313
925
325
452
584
109
873
389
274
1465
985
962
578
481
10
820
314
40
548
436
601
1549
80
937
416
1053
1009
1009
720
578
1850
74
137
137
36
36
144
221
820
104
1033
650
49
481
144
425
578
1445
865
881
477
2117
925
90
36
25
530
400
106
369
205
2932
400
325
10
260
25
90
1370
4
89
773
328
25
1552
1369
466
416
90
2088
769
514
545
1466
361
170
10
324
1640
794
234
65
386
306
144
181
593
2197
25
164
976
925
569
32
290
296
157
626
49
730
121
484
585
400
200
890
1417
373
82
842
788
773
49
661
1546
1088
1154
1370
160
416
100
2249
2018
205
162
1241
100
404
25
1600
16
569
130
730
25
353
153
585
500
533
197
170
173
1585
509
369
3016
65
50
157
545
68
545
13
1049
653
533
72
701
2017
740
10
661
130
493
200
898
260
1828
625
2986
148
197
162
293
1193
68
898
146
400
281
452
745
1585
290
1649
137
922
901
401
400
1201
193
1301
149
800
50
2474
801
1521
101
832
929
85
569
121
625
121
565
64
121
117
685
1885
49
410
233
720
850
25
353
1537
457
80
436
485
1145
514
49
241
49
241
244
1313
97
585
229
1690
529
1210
25
346
1157
125
26
493
137
145
185
941
369
373
706
61
449
529
400
800
25
970
457
128
601
89
410
2080
10
52
10
629
1586
244
58
929
221
936
441
565
530
401
9
4
305
1098
146
100
5
173
82
634
554
41
1093
5
488
61
234
554
229
193
425
208
452
148
16
2216
729
773
1637
4