272
1
676
845
245
29
2402
314
328
425
673
1492
20
1241
41
178
106
1557
234
100
457
1009
520
53
65
629
881
769
400
404
196
1901
85
298
13
490
34
50
1906
164
1570
797
500
410
146
404
1921
425
274
514
1625
40
346
386
578
650
160
269
2260
410
29
113
85
925
449
882
292
52
25
1448
1153
842
457
936
16
881
245
241
1640
29
233
1170
146
464
340
4
68
64
205
200
1522
74
37
441
457
625
1440
698
169
370
164
0
625
881
250
724
701
109
306
53
41
520
772
272
226
757
242
2009
244
445
841
37
410
269
58
164
221
1061
1
1345
26113
1322
845
821
313
36
625
388
257
117
784
765
578
1224
80
128
562
180
50
232
145
549
405
169
82
72
968
685
320
698
122
373
26
776
25
5
65
493
601
208
970
468
97
493
673
356
53
121
81
676
205
85
313
225
2824
313
117
538
85
673
1028
170
10
1625
1037
1440
109
1210
1153
194
2682
1522
340
338
970
1424
260
68
2890
145
40
361
200
1465
144
1517
1000
250
325
197
298
421
221
305
338
232
425
640
625
338
650
1258
520
353
250
697
522
986
65
1597
68
146
548
436
73
109
205
872
634
130
81
450
365
866
801
634
202
425
20
8
1450
625
1300
164
765
205
450
730
185
377
137
394
40
292
648
520
1285
545
181
325
1354
13
125
617
626
162
545
229
586
265
130
1193
641
89
125
794
640
225
922
1042
386
256
10
325
730
890
400
85
549
277
196
1789
2
52
100
170
200
116
144
58
89
193
576
170
689
377
505
68
101
1513
1156
250
100
289
530
340
541
338
296
109
733
1000
200
212
1017
250
97
9
725
421
20
37
89
820
637
356
100
100
16
290
5
362
877
125
441
485
410
290
137
436
68
521
337
610
180
49
50
340
61
16
117
100
634
169
9
121
425
144
164
1053
8
1600
361
305
229
904
549
794
949
128
5
1229
250
72
592
13
9
2161
613
452
1013
200
1105
0
1312
208
500
1325
146
26
36
97
125
122
941
818
853
65
208
58
400
125
365
100
576
89
1373
26
100
2624
673
784
720
225
256
288
58
218
457
26
1229
52
61
625
530
841
754
232
292
449
610
205
148
452
157
232
16
1325
962
586
221
212
104
666
74
2041
229
485
245
65
290
962
928
9
1130
244
457
130
306
40
337
164
100
548
338
629
328
481
538
101
1156
242
202
229
1241
290
148
98
601
260
1985
549
514
82
340
170
250
533
340
169
900
185
13
109
221
490
197
425
196
65
340
605
29
362
100
113
82
18
925
241
1994
1588
58
689
1090
442
2146
229
677
144
121
170
130
61
157
68
17
610
580
730
485
356
245
337
576
290
1088
485
256
1345
353
388
325
229
740
196
629
100
49
656
16
1856
1669
234
82
424
148
82
325
1170
82
601
2258
833
1021
45
424
565
181
3088
785
3506
692
173
181
505
505
149
9
1153
325
457
26
772
1044
90
241
916
290
53
9
274
148
932
13
325
640
4
50
233
1225
89
65
13
85
205
25
1024
689
116
416
37
125
442
153
146
109
288
533
2273
293
41
392
1093
290
226
457
265
1872
4
1810
9
80
337
180
554
260
298
185
490
629
592
1090
185
1361
500
733
37
841
580
130
221
245
4
117
245
45
1237
1156
628
185
73
533
196
578
1296
1165
50
613
488
145
169
289
41
305
125
298
45
821
388
698
234
85
125
17
296
610
25
117
178
53
674
16
932
5
1325
1282
605
1492
2053
245
306
585
250
289
296
962
232
41
538
180
409
778
324
196
8
153
130
436
37
208
538
720
1145
401
218
980
338
81
34
160
130
169
109
313
901
296
466
194
362
269
800
36
529
340
377
148
9
697
949
256
562
290
565
401
1609
145
41
1192
905
1417
625
65
580
73
328
740
1
73
122
629
193
197
400
45
833
97
45
208
709
185
725
757
80
245
193
576
260
65
333
290
89
425
488
16
1157
125
2
145
100
185
49
916
137
305
137
1060
193
320
116
37
410
388
272
370
985
548
45
148
41
730
157
250
26
1681
85
485
256
865
164
153
180
386
729
180
49
18
225
260
484
769
169
466
242
125
202
25
865
125
289
250
785
325
985
196
424
146
85
788
530
2561
277
37
145
493
629
493
698
49
250
468
404
832
562
338
538
1186
509
1586
1
173
4
97
1417
377
52
261
64
482
1090
233
450
173
85
61
16
425
625
569
925
85
464
221
349
745
242
450
269
2644
482
634
557
356
401
905
450
256
45
149
250
676
37
725
13
85
17
697
9
605
289
125
250
1354
130
137
421
576
61
820
584
1450
196
53
416
117
169
20
593
1025
925
200
281
109
145
325
194
218
29
733
257
104
788
85
53
1189
229
529
98
962
337
1053
1960
85
241
53
164
461
20
740
445
1261
388
178
970
98
200
1258
116
32
1553
626
1604
8
290
137
144
153
346
82
90
317
58
628
820
370
49
445
441
577
64
104
328
145
10
130
64
260
709
4
10
85
146
530
333
61
325
1402
761
218
73
317
26
25
72
100
234
125
729
296
1220
522
1297
34
121
505
733
146
4
1156
200
340
157
173
400
185
1733
226
370
829
377
745
274
1
45
610
305
356
233
13
436
265
20
740
61
720
656
250
169
650
485
225
914
89
337
290
18
260
346
1924
1189
196
445
260
200
650
25
1
2053
17
290
514
272
169
82
1586
50
1241
306
125
185
245
740
433
144
884
85
85
442
41
100
289
485
1098
512
776
416
274
194
58
394
977
533
661
97
773
1024
976
1649
281
221
340
125
8
576
1186
1073
290
872
313
169
1460
410
421
2132
26
761
121
221
529
442
458
549
720
185
193
65
36
441
113
629
244
74
2164
442
130
314
148
1300
346
289
53
4
144
212
26
130
740
45
85
881
16
512
25
580
865
612
586
65
9
289
157
657
148
10
449
692
397
1256
109
128
653
244
866
1096
425
277
50
793
49
580
26
2984
65
388
2477
461
1073
137
409
725
680
208
5
113
584
548
153
617
416
250
145
1165
1042
1570
820
58
1186
109
245
401
225
2
61
613
121
125
5
241
277
117
130
898
754
522
117
401
164
200
10
392
113
290
85
409
52
720
162
320
353
1186
34
89
221
612
392
848
145
34
585
349
65
113
1700
250
1205
26
85
369
362
1517
776
29
353
68
85
802
170
2
533
346
16
29
997
37
884
1028
234
986
130
101
325
405
73
85
730
212
136
145
153
136
106
833
25
89
530
1714
53
1025
689
74
20
1049
68
548
241
776
241
25
68
144
145
50
130
125
169
145
117
776
241
32
40
274
272
909
82
626
277
289
122
113
116
317
169
965
653
625
773
625
185
160
306
784
544
1385
290
170
37
229
730
628
100
45
173
101
1565
530
325
100
225
53
180
481
162
1053
73
162
85
625
170
85
200
325
157
52
58
241
1657
1090
36
1261
4
1637
745
25
593
656
64
160
137
1289
145
405
1312
346
1396
170
964
521
689
194
325
250
109
585
234
904
4
128
386
29
306
89
482
356
338
305
370
985
8
153
65
386
194
410
328
2434
13
197
1609
821
458
170
1508
221
325
265
730
785
72
914
1042
500
137
89
898
197
505
225
4
148
52
50
36
349
1940
2777
293
68
53
53
58
1261
746
746
274
202
137
233
1696
205
117
109
544
340
13
325
50
1192
692
1549
569
445
461
196
49
74
661
106
288
578
185
178
850
361
25
65
202
45
293
32
196
101
488
340
5
425
765
256
1042
50
58
100
85
200
257
845
500
388
272
416
425
405
580
360
29
392
153
305
613
4
1280
953
656
100
274
2129
281
245
202
116
776
41
866
130
73
104
193
340
898
369
121
533
841
58
148
53
905
0
416
965
674
1053
397
901
34
36
136
205
9
405
256
218
325
410
281
202
338
1385
585
1466
130
194
145
5
5
5
481
505
1440
58
610
802
1565
424
121
361
52
52
697
493
458
901
250
109
360
169
82
145
17
697
16
850
450
306
529
730
0
73
68
34
488
401
425
36
1493
477
100
45
2
461
2
833
1312
272
425
29
697
98
577
89
1586
400
1040
193
226
212
818
730
680
610
544
241
450
109
333
416
1465
314
500
2036
612
650
1810
180
673
36
580
65
1700
612
857
369
829
212
113
5
377
685
466
260
221
1445
1073
801
64
9
404
29
261
130
388
490
1154
45
162
122
493
170
1709
356
1076
361
1205
298
153
445
122
212
1108
1277
121
441
169
289
225
596
146
36
289
17
9
68
450
765
4244
196
325
256
97
425
34
325
29
122
485
477
196
533
148
61
64
325
10
130
666
757
272
106
130
586
405
674
13
45
452
260
313
29
274
13
509
40
281
144
208
53
50
101
9
169
320
1010
160
212
377
404
17
61
136
500
369
85
629
121
197
65
389
1277
794
106
226
1341
818
101
205
586
1256
1444
468
625
130
1
244
229
442
685
16
9
178
298
405
593
1898
298
898
337
900
36
1297
61
293
196
509
257
370
145
290
509
900
53
272
625
82
250
16
592
985
64
128
740
576
193
145
205
194
674
541
557
841
1049
288
64
360
1217
25
116
625
1250
233
25
225
106
289
578
980
853
241
26
1152
481
242
1466
773
41
793
1138
85
400
185
578
650
2173
145
841
160
441
52
73
226
400
200
148
484
410
362
25
85
1090
377
241
164
50
557
144
740
113
170
13
81
145
482
104
356
173
162
433
170
328
697
778
324
181
116
845
65
808
256
450
410
914
712
2930
313
810
74
205
754
20
845
10
2129
712
130
121
234
36
325
481
29
562
128
361
505
394
306
17
104
173
185
64
89
212
101
170
17
265
145
170
9
337
164
10
617
468
818
90
1018
101
272
1165
26
218
424
256
441
145
656
1
225
1157
305
1156
788
962
881
730
445
226
425
650
281
178
5
452
557
325
117
520
928
410
149
1300
292
52
401
433
977
25
657
1156
10
2097
20
1576
445
485
601
397
194
157
208
317
260
80
82
962
833
34
585
218
529
260
185
65
433
580
481
557
73
1858
85
425
712
137
425
289
389
549
820
1076
865
45
37
89
233
340
425
1396
97
130
365
261
65
1469
505
680
1040
250
9
450
1305
1028
765
629
928
225
416
388
1412
905
340
125
145
877
769
5
610
365
125
117
833
449
245
53
1130
584
1058
676
442
101
10
73
121
205
925
272
225
949
101
1040
629
277
81
130
724
225
274
178
1069
338
232
1801
900
1053
205
490
290
136
162
40
13
557
52
2056
212
1796
740
1237
202
557
1009
125
145
625
890
226
488
720
340
45
68
328
269
1088
205
353
833
25
689
145
81
25
605
442
68
53
442
361
202
1201
962
706
577
225
612
89
281
1241
277
305
585
317
5
49
389
85
1000
145
45
149
1037
50
260
29
1217
1413
260
85
265
10
449
592
261
397
34
101
37
1
293
1193
82
530
625
5
500
89
128
680
232
305
144
1693
576
68
725
477
530
244
433
549
130
340
569
1681
80
80
153
136
5
424
53
245
325
52
200
557
593
692
905
125
452
613
788
1813
592
289
808
325
477
81
650
2213
802
872
613
1261
450
576
533
1709
416
1690
445
416
565
850
794
442
61
441
288
144
585
137
97
90
1096
229
592
49
130
169
676
218
657
450
25
1098
137
65
466
281
1853
125
521
61
260
221
325
97
377
290
424
26
170
260
85
1378
125
1010
160
346
416
1700
388
205
125
49
1700
493
196
3481
53
256
122
538
452
305
680
113
548
64
89
337
13
529
26
328
313
169
397
1165
313
305
457
625
73
845
850
436
290
754
890
514
500
10
324
144
65
234
656
289
256
257
596
144
362
98
9
468
1573
313
925
370
953
980
104
689
580
954
361
916
324
433
289
650
1088
533
221
1217
9
772
25
64
338
1312
361
1189
149
37
394
234
272
544
116
509
314
113
442
257
260
109
772
265
178
194
65
170
1114
109
554
425
121
340
68
666
725
452
4
212
1741
25
436
373
401
180
169
661
356
250
212
305
673
17
256
157
173
578
178
229
61
450
530
2209
1808
1640
493
449
505
592
65
137
10
1300
173
160
592
761
109
697
32
340
122
296
41
405
173
45
100
592
725
225
452
490
125
178
292
13
1252
13
685
1717
441
1274
205
233
746
74
626
1460
64
125
410
101
2529
416
233
458
181
157
442
442
361
173
353
929
225
692
802
136
221
584
221
9
821
202
522
29
325
80
136
225
117
425
225
241
485
324
628
34
32
845
250
340
13
488
541
481
85
1325
549
26
578
1306
421
145
52
37
505
37
257
320
218
409
82
17
52
2053
580
212
250
116
232
464
964
970
320
970
890
153
58
242
25
1024
1681
44
