871
899
856
863
869
870
870
871
872
870
869
875
868
870
866
869
873
870
869
859
883
879
872
873
870
871
870
873
869
871
870
870
871
869
872
871
870
879
860
864
866
871
872
870
871
868
872
873
868
870
870
872
871
869
875
839
886
879
872
872
866
869
868
872
871
869
869
871
871
871
873
867
873
972
864
859
868
868
871
875
874
868
870
873
871
873
870
871
872
870
873
830
885
877
874
868
868
870
875
871
870
873
872
873
873
869
871
868
872
874
873
861
864
866
872
871
872
870
870
871
870
871
870
875
875
869
871
864
869
880
875
871
873
870
873
869
870
870
873
873
869
868
873
872
875
867
885
859
862
872
873
871
875
869
871
872
869
873
873
874
869
866
871
868
861
882
878
873
871
869
868
870
871
874
872
870
871
871
870
872
873
870
926
862
858
871
867
870
872
869
871
867
873
872
869
871
872
869
869
870
842
880
878
869
869
865
867
866
867
868
870
871
867
869
865
868
870
867
973
857
856
861
867
867
871
870
866
867
868
868
868
868
870
867
867
868
833
880
878
872
870
867
867
866
870
865
866
868
869
867
865
865
869
866
873
881
858
863
866
867
867
869
868
872
869
869
869
869
870
869
870
868
864
867
882
873
870
872
868
871
868
869
873
873
870
873
872
872
871
870
870
878
856
866
870
866
869
871
871
873
871
874
871
871
870
871
872
872
865
865
884
880
874
875
872
866
870
871
872
871
872
870
872
869
867
870
869
961
857
863
870
869
872
871
871
871
870
871
871
875
870
871
872
871
872
833
886
878
872
873
866
872
874
872
871
867
869
869
872
873
866
869
866
837
863
864
870
871
873
871
870
869
871
872
872
875
875
872
874
870
875
850
879
884
875
874
870
870
868
868
870
872
871
871
874
871
867
870
870
872
879
856
866
866
869
872
870
868
870
870
870
872
874
869
871
872
870
864
872
880
877
874
872
868
870
870
867
873
870
866
871
869
872
870
869
871
898
860
862
868
870
872
871
872
872
869
872
870
873
873
871
869
873
871
863
884
879
872
869
871
866
873
873
874
869
868
867
868
871
870
867
873
906
858
863
869
870
870
871
872
874
869
868
873
869
871
869
869
871
872
836
882
879
871
869
869
870
870
875
875
874
874
869
869
872
870
870
870
837
873
859
867
869
872
873
870
871
871
872
869
873
871
868
869
872
871
858
881
877
876
873
871
873
869
873
871
869
873
867
872
871
869
873
871
875
867
860
865
869
872
869
875
873
873
871
870
870
872
868
871
873
870
867
871
883
873
871
872
871
868
872
868
872
872
872
874
869
873
871
872
876
923
856
862
867
871
870
869
866
867
872
869
872
867
869
870
872
869
873
846
881
876
871
869
868
866
868
866
870
869
866
869
869
866
870
866
867
827
857
859
864
868
870
867
870
866
864
865
868
867
871
869
866
869
867
830
879
876
872
870
869
867
865
871
870
868
869
867
871
867
868
870
869
877
868
857
863
869
865
868
866
871
870
867
868
870
869
869
865
869
866
851
877
879
875
870
867
875
871
869
869
871
870
871
869
868
874
875
869
873
890
860
863
866
869
870
873
873
867
869
870
872
869
868
873
869
868
870
863
883
876
875
871
873
870
867
870
872
870
874
869
870
869
869
869
872
891
861
863
866
869
869
874
869
869
868
873
873
873
870
871
870
871
871
844
885
878
875
873
871
868
873
871
872
871
868
874
872
873
911
869
874
912
864
860
869
872
872
871
869
872
872
867
869
869
872
869
868
875
871
834
881
879
875
871
872
869
874
873
869
869
870
871
871
873
871
870
872
875
870
859
864
865
873
873
871
873
873
869
870
871
873
871
869
870
867
860
876
883
876
873
872
870
872
871
872
869
871
873
869
871
871
876
868
869
893
857
859
868
870
871
872
873
872
876
870
869
871
868
872
871
873
872
861
883
876
872
869
870
871
870
872
872
872
871
866
873
871
870
871
871
906
862
861
871
869
869
872
873
873
875
870
871
874
874
873
868
873
870
841
883
879
874
872
869
867
871
871
869
866
872
869
870
867
867
870
872
965
860
862
868
869
867
869
867
871
874
870
872
873
872
873
867
870
869
828
881
882
875
873
869
872
875
871
870
871
872
873
869
871
871
872
871
871
883
857
862
869
874
873
871
871
870
867
873
873
871
869
871
913
870
865
873
885
875
871
869
869
871
869
874
874
875
869
871
873
872
870
873
872
882
857
863
870
870
875
874
872
874
871
870
867
870
869
872
870
867
872
861
885
879
871
868
869
868
867
873
869
870
868
868
872
868
869
869
870
952
859
859
864
864
871
865
867
869
867
870
869
866
868
867
872
869
867
832
882
875
873
869
870
868
869
864
866
867
869
866
867
866
869
869
869
831
868
858
864
867
870
868
870
868
869
870
869
866
866
865
865
869
869
849
876
879
872
870
871
865
869
867
871
873
870
869
874
871
871
871
870
871
872
860
865
869
911
868
870
868
870
866
871
871
867
870
867
873
869
867
876
883
876
869
870
872
869
872
869
871
872
869
872
869
870
872
869
869
904
857
864
868
871
871
869
870
867
868
869
872
872
869
874
869
871
872
855
887
875
875
871
869
873
868
871
871
871
871
869
872
869
871
872
870
903
861
862
868
872
871
869
871
870
872
868
872
874
868
872
869
872
870
829
886
878
873
872
872
872
868
869
871
871
870
870
869
868
871
870
871
846
873
859
863
866
872
872
872
870
874
872
872
870
871
864
873
874
872
857
877
881
874
871
869
871
871
869
869
870
871
871
872
872
869
873
872
869
870
855
863
872
871
874
870
871
872
869
870
869
871
875
872
873
868
866
871
884
877
867
874
871
872
870
867
872
871
871
869
868
872
870
872
871
926
857
867
873
871
871
867
869
871
873
875
870
871
869
873
874
868
870
850
883
877
871
872
869
868
910
869
869
870
871
869
865
870
870
873
868
848
858
863
867
868
871
869
872
870
872
871
868
873
871
873
871
873
858
829
884
883
878
871
869
871
873
871
869
866
872
871
871
870
875
871
870
866
870
861
863
867
871
869
875
871
870
874
871
870
867
872
870
872
871
852
879
879
876
871
867
869
869
871
872
866
872
873
873
871
871
869
872
872
879
860
860
868
869
871
872
870
872
869
869
870
870
866
868
868
869
870
866
883
876
869
869
869
869
869
869
869
868
869
867
871
870
866
869
866
908
858
859
866
868
870
864
866
868
867
868
868
871
869
868
866
870
870
843
885
879
868
871
868
866
872
866
865
870
867
869
867
867
866
864
867
864
863
861
864
865
869
869
869
869
867
869
864
867
870
867
866
864
867
832
881
878
870
867
868
865
867
873
868
867
871
868
870
868
871
869
872
879
864
856
865
868
867
910
871
870
873
867
868
871
871
869
868
871
871
857
879
882
874
874
871
871
872
871
872
868
866
873
873
868
872
870
872
870
898
857
862
868
868
870
871
869
874
869
869
870
873
869
868
871
869
871
860
886
881
874
872
871
871
875
872
873
871
871
875
869
869
874
869
869
880
861
863
868
869
869
871
870
872
871
871
870
870
874
871
873
871
869
841
886
882
871
870
869
871
873
871
871
869
872
871
870
870
872
870
871
974
863
860
866
871
871
872
869
869
870
871
872
872
869
870
872
871
869
830
883
882
877
873
873
871
871
871
857
873
873
872
872
870
869
873
869
871
876
863
868
869
873
870
872
870
872
874
871
871
868
871
869
871
870
858
870
882
873
908
873
874
872
873
869
869
869
869
872
869
869
868
872
871
885
858
864
865
869
871
873
869
870
871
868
872
871
871
871
872
869
869
864
883
879
872
870
873
872
872
870
869
869
870
873
870
869
869
873
871
929
861
859
866
870
868
870
867
872
872
874
871
870
867
870
871
871
872
884
880
880
876
871
872
869
869
868
873
868
872
871
870
870
874
875
869
905
862
863
869
871
866
871
869
872
870
870
872
873
869
868
871
870
873
830
881
880
873
871
874
871
871
871
870
871
869
872
867
872
870
871
872
875
885
859
866
868
873
873
871
875
869
872
875
874
873
869
873
872
871
860
871
882
873
874
873
868
865
871
867
872
871
868
869
867
865
871
869
868
876
853
864
863
867
869
869
868
867
855
867
868
869
870
868
866
865
872
860
885
876
872
868
868
865
865
867
865
869
868
870
869
869
867
871
873
958
855
859
864
867
869
870
867
868
871
867
871
867
867
867
867
870
870
832
883
871
874
866
867
869
867
867
871
868
871
873
871
872
870
866
871
831
866
859
864
873
870
872
870
870
872
871
871
873
872
873
869
871
871
851
879
881
876
868
866
870
870
874
871
872
869
870
871
869
870
873
870
874
920
858
867
865
871
872
871
871
871
872
868
869
871
871
872
873
869
866
873
883
876
875
871
872
874
869
875
871
870
871
868
873
871
868
871
871
882
860
861
865
873
869
869
873
871
873
871
871
870
873
871
871
866
869
851
883
881
874
872
873
871
871
869
867
871
872
871
873
870
870
873
869
945
855
862
868
873
870
870
869
874
872
870
870
868
868
871
876
869
870
829
885
878
875
867
870
867
870
873
870
861
870
872
871
871
871
869
870
847
869
859
862
866
868
873
869
872
871
871
871
870
872
869
871
872
871
856
879
882
876
873
870
869
869
869
872
887
869
872
870
869
871
867
869
874
877
857
866
870
869
871
873
873
871
871
872
870
872
870
876
874
871
869
868
883
878
871
871
868
872
871
873
871
869
869
866
869
868
869
870
872
924
857
862
865
871
873
873
870
869
869
869
871
871
871
872
869
868
863
847
875
879
873
870
873
874
870
869
872
871
869
870
870
873
873
866
868
829
863
860
867
868
870
873
874
871
874
871
868
872
869
872
866
870
869
832
884
879
876
871
873
869
871
872
869
873
873
870
867
871
872
869
874
877
867
862
865
871
870
874
872
875
874
867
871
873
871
871
870
866
870
850
878
878
867
869
867
865
869
869
868
869
870
870
866
870
870
869
872
868
886
858
865
871
866
867
868
867
866
869
868
867
870
870
867
866
865
867
863
880
873
871
867
870
870
870
869
869
865
868
870
868
866
869
872
870
898
853
860
866
867
867
867
870
869
867
870
868
870
873
866
870
870
870
841
883
878
872
868
870
866
864
865
864
877
868
871
866
872
871
869
870
880
865
860
863
870
868
873
870
869
875
871
872
871
872
869
869
871
869
834
887
878
875
874
869
869
866
868
872
870
871
870
870
866
871
870
870
878
866
862
866
868
871
872
875
868
871
870
874
869
866
869
872
873
870
864
875
881
876
873
873
868
867
873
870
872
870
871
872
872
871
865
867
873
901
861
862
869
869
870
871
871
871
866
870
871
873
870
873
873
870
869
859
884
875
875
872
873
872
871
870
874
869
867
870
870
871
868
869
873
881
902
858
870
869
874
869
869
869
868
872
871
872
871
873
873
869
869
841
884
879
873
872
871
872
869
869
872
875
870
869
870
870
871
870
866
971
858
862
863
869
872
874
875
870
871
867
868
876
871
869
870
871
872
828
882
879
874
871
870
873
867
873
870
871
872
869
871
869
870
872
870
872
879
863
863
866
875
871
873
871
871
868
873
871
869
872
870
873
871
866
871
879
876
875
872
874
867
870
872
872
873
870
872
871
872
872
871
874
879
859
863
869
868
867
875
871
872
870
872
872
869
871
867
872
871
870
866
885
880
872
868
870
871
873
870
871
873
874
871
870
871
872
870
871
944
860
860
870
869
875
867
870
871
872
874
869
872
873
871
874
869
870
841
884
880
870
866
870
873
870
867
873
871
872
867
874
869
869
870
871
866
862
861
867
869
871
869
872
874
876
873
867
873
869
868
870
863
871
842
879
880
872
873
870
869
866
868
867
871
867
867
868
867
868
865
865
872
878
856
862
866
867
867
870
869
869
869
871
870
868
867
866
866
867
865
873
879
873
871
866
867
864
866
868
867
871
871
867
868
868
868
870
869
885
855
859
867
869
870
868
869
868
871
868
867
865
868
868
867
870
868
855
881
873
869
869
868
867
867
867
866
864
874
870
869
871
871
871
873
931
860
861
867
869
868
873
871
868
871
870
869
873
871
868
870
869
867
829
882
875
873
871
869
871
875
868
870
871
871
869
870
875
869
873
871
834
872
860
869
867
868
869
871
872
869
871
873
872
869
871
870
868
872
859
879
881
875
872
869
872
869
867
872
873
874
870
869
873
870
871
867
870
870
859
863
869
870
871
873
875
871
871
871
874
868
869
870
874
874
867
879
883
877
873
868
872
870
872
872
865
873
872
871
872
873
869
866
870
924
858
865
866
871
871
873
868
869
872
869
872
870
870
871
869
872
868
849
886
876
874
871
869
871
871
871
872
872
870
873
873
872
867
874
872
847
862
861
868
865
872
871
870
871
867
871
871
870
873
873
873
869
870
830
882
882
876
873
871
875
871
869
869
871
871
872
869
871
869
869
871
867
870
859
868
868
871
871
871
875
868
871
868
873
871
870
871
869
870
856
881
883
871
871
872
873
873
869
869
872
871
871
872
874
871
874
870
870
881
855
864
869
869
871
874
875
869
868
867
868
873
872
870
871
875
867
871
885
879
873
869
870
871
872
872
870
870
871
871
869
869
867
869
871
914
858
862
869
872
871
873
870
873
871
871
875
871
869
872
868
868
867
842
885
879
872
873
869
869
872
872
868
871
870
869
867
875
870
868
869
854
867
859
864
872
869
875
870
871
872
873
871
867
870
871
871
872
870
838
883
884
873
867
869
868
866
869
866
869
869
869
866
870
867
868
870
874
865
854
862
866
865
869
870
869
867
872
869
870
869
866
868
866
870
848
875
881
875
871
870
866
869
866
867
867
869
866
868
867
869
869
867
867
897
857
862
866
867
867
868
869
870
870
869
869
869
868
870
870
865
867
857
881
873
867
870
866
869
868
867
869
869
868
873
871
868
866
872
873
880
860
863
867
868
870
868
869
870
869
874
873
873
873
873
869
871
869
838
885
875
875
870
873
873
867
869
871
871
870
871
870
869
868
871
870
975
860
862
867
875
868
873
871
868
872
871
872
871
867
869
870
870
872
830
885
881
875
874
872
872
872
869
869
871
869
872
868
874
872
872
871
872
877
861
866
870
868
870
871
872
873
872
871
871
871
870
870
871
870
865
871
886
876
873
870
871
872
871
870
871
873
871
873
871
871
869
874
871
878
855
863
870
869
870
869
873
874
869
870
868
871
869
871
873
869
871
863
885
877
870
872
871
870
867
871
869
871
871
871
868
866
873
870
870
886
862
861
869
871
871
871
870
871
872
869
870
870
871
870
871
873
868
835
886
879
877
872
873
871
869
873
866
868
869
871
910
869
873
869
873
965
863
856
868
867
868
872
874
873
871
871
873
869
867
873
868
871
868
847
884
882
876
871
870
871
869
872
868
869
871
872
872
867
874
871
871
875
879
857
864
871
867
873
871
865
869
868
875
871
874
871
871
874
869
866
873
881
877
872
876
869
871
875
871
869
870
870
873
873
863
867
873
871
900
858
863
869
870
871
870
870
869
870
873
869
873
873
871
869
866
873
855
885
880
875
871
871
869
870
868
869
868
873
871
872
869
871
869
873
915
856
862
865
868
872
873
874
870
873
873
874
872
871
870
872
874
872
827
884
886
874
870
868
866
869
868
865
869
871
870
871
870
867
871
869
834
868
857
864
867
869
870
872
866
871
865
869
869
867
870
867
870
867
856
873
877
873
870
869
866
868
869
869
871
869
866
867
865
867
869
868
871
864
854
863
867
870
869
867
868
869
870
868
869
868
870
869
869
865
866
870
879
872
870
870
869
867
868
866
866
864
870
869
872
870
872
874
870
927
859
861
868
870
871
873
870
869
873
872
871
872
871
871
871
872
873
846
886
877
871
875
869
870
873
872
874
870
875
871
867
873
872
871
870
833
862
860
868
870
873
871
870
868
870
870
870
871
870
871
869
873
871
831
881
881
875
871
870
872
867
871
871
872
871
874
875
870
872
871
867
882
862
860
865
868
872
871
870
869
870
874
871
874
871
873
871
872
871
854
883
884
874
869
869
872
867
871
871
871
875
870
875
870
869
873
873
873
892
856
866
868
872
868
871
867
869
871
870
874
872
875
872
871
871
868
866
883
878
870
870
872
870
868
871
871
869
869
871
869
872
872
871
872
895
859
863
866
870
870
870
869
873
871
871
871
872
873
871
872
870
871
840
882
877
869
874
867
874
873
871
872
870
874
872
870
872
868
869
871
869
866
860
868
868
872
869
870
869
871
873
869
873
866
870
871
872
867
834
883
883
876
872
868
866
870
871
873
870
872
871
871
870
869
869
870
875
905
859
865
869
873
871
870
872
871
871
867
870
870
868
872
874
874
860
884
884
880
872
872
876
872
870
872
874
873
866
872
870
870
871
873
874
897
860
865
870
872
871
867
871
871
866
870
872
874
876
870
870
870
871
863
883
877
872
872
869
869
871
872
874
870
868
870
869
871
870
870
871
875
863
864
867
871
870
873
872
872
872
877
869
868
872
869
873
870
870
845
883
877
871
870
870
866
864
868
866
866
863
868
868
867
864
869
868
971
855
854
870
865
868
870
870
871
867
871
868
870
868
869
872
868
868
827
883
880
873
869
871
866
864
864
868
871
868
868
868
866
869
870
867
872
871
859
865
867
868
868
870
870
867
867
867
868
867
865
865
867
868
855
867
880
875
868
869
867
868
868
867
868
870
870
862
867
872
869
868
872
881
860
863
867
868
870
870
875
872
871
872
872
873
866
872
872
869
867
862
881
879
874
872
876
871
873
871
868
871
873
871
870
871
873
866
869
927
862
863
867
871
871
874
869
873
870
867
871
872
871
870
869
873
870
837
885
882
873
873
868
867
874
872
872
869
870
874
872
875
869
870
873
910
861
861
867
869
870
875
869
868
870
874
867
872
866
869
872
873
869
834
880
882
874
872
870
867
871
870
872
871
870
872
871
876
869
870
869
871
882
857
866
871
872
870
872
873
871
872
872
871
873
871
874
869
868
863
869
882
875
871
872
870
872
870
872
869
877
871
872
868
872
871
870
871
875
861
862
871
872
874
872
868
869
870
868
874
871
870
873
871
873
870
864
884
878
874
876
873
871
872
872
869
875
871
867
871
870
870
869
873
957
860
861
866
871
871
872
869
872
873
869
874
869
871
871
872
873
871
838
885
880
875
871
873
871
869
870
870
873
869
869
870
869
873
870
867
843
860
859
863
867
870
872
870
871
869
871
875
868
870
871
871
871
869
853
879
880
874
873
873
874
870
869
873
869
872
870
867
870
874
872
871
871
875
859
866
868
867
869
874
873
870
875
870
872
873
868
875
869
872
870
874
885
876
875
872
872
869
868
871
871
871
873
868
873
868
869
872
872
899
862
864
869
867
873
873
873
871
872
869
869
872
874
875
872
871
871
855
884
871
871
871
866
868
867
868
869
866
904
867
868
870
870
868
869
901
851
861
861
866
867
866
869
871
870
871
867
868
872
866
868
870
868
826
877
877
872
867
869
866
864
866
867
872
868
869
869
873
868
867
865
850
864
856
861
864
870
872
869
866
867
869
868
866
866
869
868
868
870
853
876
879
875
869
870
868
867
866
867
869
871
868
868
873
867
872
872
873
874
858
865
869
870
870
871
871
871
868
870
870
871
874
872
871
871
867
872
880
877
871
870
867
869
869
872
869
872
871
870
870
871
872
872
869
920
859
865
867
871
871
871
871
870
870
867
872
870
873
870
870
870
870
844
884
881
875
871
871
871
871
874
871
874
870
869
869
871
874
867
871
829
865
861
863
869
872
871
870
870
870
870
873
871
869
873
871
873
871
832
883
879
877
868
871
869
871
874
870
870
870
873
871
871
875
871
873
880
864
863
861
871
874
872
874
868
872
869
871
871
871
873
871
871
870
855
881
884
879
872
873
871
868
871
873
872
873
872
869
872
874
871
871
873
895
859
861
865
869
871
869
871
869
869
869
871
876
871
870
873
872
869
864
884
875
871
873
869
873
872
874
874
875
872
870
871
871
870
869
869
881
859
863
868
866
872
869
870
870
874
870
872
870
869
873
871
870
871
845
885
878
870
872
871
873
871
871
871
873
872
871
873
874
869
874
872
949
863
862
868
866
871
871
870
868
869
872
869
872
871
871
872
870
871
831
886
880
876
870
872
870
873
873
867
871
871
871
874
867
871
872
876
872
869
863
865
865
866
873
873
871
872
872
873
871
871
872
869
871
869
861
875
881
881
869
871
871
873
873
872
868
869
872
871
871
871
873
872
869
898
858
862
871
869
873
870
872
873
872
869
868
871
872
869
871
869
872
860
886
879
874
871
867
871
872
870
870
870
869
867
869
869
868
869
866
885
857
863
863
867
869
867
871
869
866
867
868
868
865
870
865
868
870
840
879
874
871
866
869
869
867
865
867
869
869
869
867
867
867
867
868
952
859
859
868
866
868
867
870
866
865
867
870
867
867
870
869
866
868
826
885
879
872
869
866
868
870
870
868
865
867
868
869
866
868
868
872
869
882
862
863
867
870
869
868
870
869
869
869
872
869
869
870
870
869
865
869
921
876
872
873
870
869
869
869
869
871
870
870
871
871
872
865
870
877
858
865
868
872
875
874
873
872
869
868
870
869
869
870
871
869
872
864
883
873
873
869
870
871
872
870
875
870
871
869
870
875
868
875
869
958
860
863
866
863
872
872
871
873
867
869
869
873
872
871
873
873
869
834
885
880
874
874
867
871
869
872
872
868
872
871
871
874
869
876
866
864
864
860
870
867
872
870
873
871
864
872
869
872
868
869
872
870
870
843
879
880
874
873
867
875
870
872
872
872
872
870
875
870
872
872
872
875
882
858
866
869
872
872
868
871
871
872
870
872
870
871
870
871
869
865
875
881
882
870
872
874
871
876
871
869
869
871
871
867
871
870
873
870
885
858
863
871
870
870
870
871
871
867
867
871
869
871
869
870
872
871
860
883
880
869
870
870
868
872
868
874
870
871
870
872
871
872
872
872
939
859
861
870
871
872
872
871
873
867
871
869
872
872
875
870
871
870
833
884
878
875
874
867
868
870
868
871
871
871
869
871
869
870
869
871
827
871
859
863
870
872
865
867
871
871
872
871
872
869
867
870
873
872
858
877
880
875
876
869
873
870
870
870
868
869
869
873
910
873
871
870
873
870
858
864
867
871
870
869
872
871
870
867
871
869
869
870
871
871
869
879
887
877
875
867
871
870
871
871
867
869
872
870
873
869
869
868
869
881
855
860
863
869
866
869
865
871
868
865
870
869
871
867
868
871
867
862
882
876
871
873
904
867
868
869
870
867
867
871
870
869
867
866
869
858
856
857
864
867
868
868
869
873
867
868
867
869
870
869
869
866
870
826
880
877
875
868
869
867
870
866
869
868
869
866
866
868
871
872
868
865
869
860
868
868
872
873
869
867
869
871
872
869
871
871
866
868
868
856
880
885
913
872
871
870
867
872
872
869
867
869
869
869
872
868
874
875
876
856
865
869
869
869
870
870
873
872
868
872
871
870
869
869
870
867
869
884
875
872
869
871
871
869
870
868
871
870
874
871
873
870
870
873
915
854
862
869
871
869
872
874
872
873
869
874
869
871
909
870
871
869
848
884
878
872
872
870
867
867
869
869
873
871
872
867
871
875
871
871
832
860
861
864
872
868
872
874
873
875
870
873
870
871
872
869
872
869
836
885
882
874
871
874
869
869
870
871
872
878
870
869
870
867
870
870
880
873
859
868
870
873
874
871
823
961
803
1223
159
1703
639
329
1297
1240
309
617
1947
216
1305
726
1259
441
1312
340
1123
551
1404
41
1483
269
1467
1
1654
404
1491
1
2096
1
1457
397
1881
1
2148
1
2099
1
1967
599
1462
1
2893
1
1662
1
2565
1
1789
1
2689
86
1689
1
2824
23
1618
1
2964
1
1700
1
2913
1
1806
1
2902
1
1749
1
2805
20
1866
1
2693
1
1772
1
2694
54
1737
1
2713
1
1786
1
2763
1
1777
1
2727
1
1697
1
2887
1
1793
1
2753
1
1654
1
2693
8
1675
1
2679
1
1664
1
2724
1
1778
1
2746
32
1589
1
2855
1
1520
1
3002
1
1705
1
2753
28
1505
1
2895
1
1499
1
2967
1
1596
1
3095
1
1478
1
3075
1
1530
1
3117
1
1509
1
3167
1
1589
1
3090
1
1572
1
3143
1
1520
1
3165
1
1558
1
3057
1
1547
1
3158
1
1673
1
3259
1
1608
1
3209
1
1602
1
3123
1
1540
1
3183
1
1559
1
3139
1
1564
1
3129
1
1597
1
3144
1
1508
1
3164
1
1543
1
3125
1
1548
1
3074
1
1547
1
3158
1
1570
1
3166
1
1489
1
3136
1
1459
1
3149
1
1468
1
3051
1
1480
1
3040
1
1472
1
2999
1
1445
1
2995
1
1456
1
2984
1
1454
1
2944
1
1470
1
2951
1
1447
1
2959
1
1487
1
2939
1
1381
1
2934
1
1484
1
2939
1
1473
1
2934
1
1509
1
2910
1
1467
1
2895
1
1476
1
2886
1
1482
1
2876
1
1444
1
3053
1
1477
1
2871
1
1421
1
3013
1
1513
1
2992
1
1622
1
3037
1
1557
1
2988
1
1543
1
3030
1
1564
1
3029
1
1562
1
3037
1
1614
1
3174
1
1653
1
3209
1
1645
1
3051
1
1592
1
3118
1
1588
1
3035
1
1647
1
3001
1
1584
1
2962
1
1584
1
2979
1
1573
1
2978
1
1560
1
2896
1
1542
1
2930
1
1543
1
2899
1
1564
1
2893
1
1575
1
2915
1
1604
1
2939
1
1568
1
2887
1
1559
1
2827
1
1595
1
2950
1
1942
1
2503
97
1597
1
2875
441
815
1
2792
424
585
1
2552
313
604
1
2221
396
752
1
2006
380
955
1
1854
737
665
1
1994
556
551
515
1895
335
447
741
2199
3
664
1179
1566
78
807
1319
1212
161
895
1306
993
249
1021
1234
808
513
1061
1067
800
612
1058
814
927
765
916
737
1253
732
804
740
1319
681
582
945
1344
581
517
1146
1332
414
590
1279
1205
355
619
1331
1174
220
871
1141
918
621
918
918
879
1000
621
798
1142
917
565
708
1242
911
564
639
1342
983
383
721
1399
1016
241
899
1386
894
263
1002
1312
752
508
917
1233
816
604
778
1302
749
626
770
1309
807
685
567
1274
950
498
660
1267
951
465
677
1283
903
480
662
1285
892
518
684
1234
951
438
688
1280
890
460
747
1254
837
467
800
1159
907
438
834
1176
973
438
820
1087
996
439
782
1151
987
445
737
1192
979
438
717
1243
981
401
736
1294
910
406
748
1299
894
427
751
1287
889
433
772
1262
914
439
741
1295
907
387
791
1237
936
379
771
1261
901
364
778
1269
901
321
831
1280
858
364
841
1305
775
416
847
1257
770
468
813
1236
801
491
768
1259
808
519
712
1290
809
487
695
1313
845
466
698
1317
848
464
693
1336
867
428
679
1340
853
390
774
1338
778
432
761
1321
804
461
805
1263
815
454
774
1271
833
495
743
1275
849
431
735
1320
818
453
715
1354
813
403
755
1346
779
433
754
1335
787
394
779
1384
762
416
792
1354
724
457
770
1344
749
489
744
1336
801
415
740
1361
778
435
745
1383
746
444
757
1370
745
464
747
1384
745
436
783
1339
721
460
803
1398
711
458
807
1364
643
516
807
1333
653
551
795
1312
654
687
717
1327
661
577
700
1356
686
562
692
1403
673
536
724
1423
645
510
787
1386
593
561
813
1405
563
564
853
1342
507
600
834
1297
608
616
807
1312
638
557
813
1294
647
613
776
1330
656
615
787
1286
730
575
773
1369
731
579
752
1295
644
590
746
1360
688
589
755
1329
715
581
748
1353
710
584
758
1348
715
576
779
1296
753
557
786
1304
738
613
721
1327
781
506
797
1367
778
532
788
1264
774
518
787
1313
786
493
837
1291
750
540
852
1259
749
543
838
1245
753
564
830
1228
730
613
780
1220
765
618
745
1237
785
589
744
1296
800
585
730
1248
741
569
773
1262
771
584
781
1221
766
608
770
1218
747
596
837
1104
846
552
906
1131
707
601
966
1257
441
661
1181
1099
282
812
1264
863
355
960
1218
720
441
1054
1122
646
606
1033
993
696
695
983
915
800
737
880
913
874
738
800
997
866
711
778
1056
884
711
771
1073
848
626
896
1043
795
693
901
1038
761
691
969
955
754
793
940
873
814
847
846
893
853
828
829
930
876
778
843
901
856
781
838
927
901
761
896
923
797
791
904
874
825
851
889
887
800
820
883
894
805
858
870
910
765
872
903
815
827
866
879
831
868
847
861
897
865
818
880
905
822
826
960
882
787
850
1012
826
794
885
1007
795
791
945
961
768
866
910
955
754
867
923
940
751
891
933
920
752
935
888
892
821
915
885
864
879
881
860
922
869
839
869
957
839
841
879
955
835
847
884
965
859
804
915
985
813
779
962
977
751
836
1002
954
716
893
999
912
707
1020
955
863
755
936
915
911
742
941
904
894
809
908
861
982
776
874
890
950
770
872
895
1015
740
880
933
1035
683
842
956
1008
648
875
983
964
654
862
1002
902
661
941
950
943
683
933
914
978
684
879
962
1002
640
895
976
951
668
901
1007
970
636
957
985
980
627
906
969
988
592
939
997
995
585
903
1058
943
564
947
1088
866
624
943
1024
872
673
951
1061
892
666
863
1007
969
592
869
1127
941
605
940
1105
962
541
897
1100
971
507
886
1192
895
453
967
1151
830
516
969
1141
789
584
1002
1062
833
639
944
1090
828
670
950
1066
852
646
899
1059
837
685
839
1122
821
677
876
1062
870
671
851
1087
888
638
897
1014
909
595
904
1040
953
552
961
1052
906
582
943
1081
850
613
1018
975
973
501
1087
942
968
603
993
973
991
519
1033
910
1028
494
1037
982
997
452
1102
999
972
443
1149
974
899
502
1159
992
850
513
1220
957
790
600
1226
923
771
681
1204
852
873
665
1193
840
891
681
1124
920
874
633
1150
867
950
493
1265
877
925
591
1224
904
807
636
1231
793
889
666
1216
779
993
600
1302
737
1022
639
1179
814
996
602
1155
887
927
633
1196
849
983
565
1307
793
963
666
1218
840
918
789
1077
881
974
716
1013
1014
900
612
1171
982
754
779
1113
977
727
831
1083
829
967
690
1140
891
911
737
1149
907
903
808
1049
945
965
655
1192
905
898
712
1198
776
1021
684
1102
855
956
739
1185
823
1060
700
1180
829
1019
702
1149
835
982
804
1152
749
1124
712
1157
746
1182
645
1202
685
1249
627
1054
747
1225
612
1144
769
1200
605
1181
727
1164
641
1225
625
1225
711
1161
585
1374
522
1185
701
1226
637
1190
663
1218
658
1148
659
1248
621
1152
674
1304
515
1236
728
1153
635
1225
677
1161
617
1312
596
1205
630
1326
575
1175
711
1288
547
1193
776
1163
531
1314
653
1178
603
1260
598
1234
583
1275
597
1259
607
991
619
1260
613
1210
705
1232
639
1169
635
1302
642
1169
650
1333
691
1032
763
1331
613
1099
789
1232
672
1052
856
1193
757
1085
814
1034
767
1035
774
1241
943
985
867
1164
827
917
879
1249
742
870
985
1110
788
935
960
1097
843
878
978
1070
917
816
1044
1066
840
879
1010
1016
862
881
961
812
871
886
961
1055
1066
861
938
1078
928
806
942
1185
826
738
1086
1199
681
907
1089
1138
670
994
967
1182
720
906
1058
1123
767
858
1130
1117
713
907
1032
915
704
932
1010
1171
961
872
1025
1213
687
885
1078
1180
750
791
1095
1241
618
919
1077
1144
728
843
1089
1230
657
876
1009
952
656
862
1095
1232
929
885
1107
1194
665
951
1060
1122
720
970
974
1096
873
848
973
1207
839
895
841
1191
911
724
955
1230
928
664
1051
1262
802
754
1011
1014
827
655
1095
1128
839
737
1037
1189
824
695
1107
1115
793
744
1025
1175
832
721
1113
1129
834
707
1147
1047
847
819
1009
1086
929
752
917
1202
899
725
946
1149
880
733
919
1260
966
708
883
1265
985
427
853
1356
962
676
849
1322
1018
569
943
1302
1056
565
901
1336
951
642
838
1379
936
639
820
1340
1176
553
846
1370
979
601
779
1436
1026
471
968
1502
802
627
923
1441
821
622
959
1361
816
740
897
1290
900
796
701
1425
940
720
641
1427
849
689
734
1633
891
712
803
1522
727
722
804
1421
778
735
892
1252
834
689
851
1134
905
732
744
1281
858
828
648
1314
917
884
529
1344
994
802
445
1372
923
718
505
1470
1080
601
584
1486
932
578
645
1459
868
622
713
1354
891
609
760
1272
913
635
748
1116
1109
498
658
1103
1128
362
754
1262
1196
386
781
1226
1065
364
775
1240
1083
391
716
1301
1072
341
789
1267
1099
292
879
1236
1067
313
932
1209
993
384
976
1109
1094
333
1025
1172
950
430
1076
1036
994
457
1018
1068
1016
356
1116
996
941
413
1101
927
1003
436
1087
957
1015
468
1058
1040
952
375
1152
1084
802
451
1289
901
788
458
1196
863
774
613
1398
765
785
651
1242
783
715
742
1164
809
655
818
1192
716
743
822
1138
741
700
878
1040
845
701
769
1108
942
547
894
1048
941
628
857
1029
1054
495
978
1006
992
485
915
1028
940
484
979
946
919
531
956
870
1049
551
874
1044
913
580
947
1002
892
648
837
985
868
632
800
1017
873
806
661
1092
855
676
709
1062
800
616
885
1024
692
826
847
941
700
951
692
987
670
965
708
861
809
967
630
917
890
877
555
990
934
715
638
1074
813
781
712
1037
736
795
725
986
717
776
798
942
736
784
891
836
747
883
826
770
823
961
665
828
951
875
618
914
997
737
692
976
891
814
604
1000
973
664
651
1066
850
616
812
980
855
698
711
1033
795
700
710
1062
712
713
821
937
699
834
767
891
779
831
830
787
777
922
683
817
838
879
662
839
827
843
641
892
841
770
688
965
774
718
795
919
666
815
826
838
656
921
718
866
691
853
730
897
665
854
686
934
686
741
702
1000
617
659
776
1020
558
644
878
1043
423
794
886
1003
453
808
847
911
506
825
823
920
518
950
690
1041
439
933
770
918
588
830
732
1038
501
856
790
991
513
843
814
1003
398
941
818
918
479
915
833
808
564
860
827
834
588
917
712
883
710
731
743
979
672
745
745
1016
656
604
869
981
624
717
854
1006
623
744
881
1022
587
769
901
936
583
843
815
923
653
810
723
1092
568
801
705
1119
581
796
702
1168
581
808
726
1174
555
748
805
1128
572
833
773
1144
578
846
798
1142
531
918
804
1095
590
896
735
1200
557
787
870
1152
492
921
837
1118
553
845
826
1165
561
781
873
1145
539
762
829
1226
472
771
879
1178
457
706
1029
1028
429
823
974
961
487
828
1050
904
467
1021
907
846
550
1078
760
855
654
1046
657
940
694
1038
574
993
733
907
564
1126
670
869
605
1168
613
874
709
1113
572
951
695
1070
575
944
670
975
596
1017
656
929
721
935
693
909
737
944
594
1010
652
959
654
956
673
931
675
944
650
1036
653
925
677
1009
705
859
723
1012
736
818
702
1092
643
912
783
1063
616
927
664
1033
700
927
669
1039
705
907
670
1010
700
849
715
977
678
857
752
961
744
769
845
853
768
863
790
848
811
813
801
805
858
807
790
816
874
741
787
880
869
688
846
934
823
645
934
962
748
592
1078
893
640
752
1062
829
683
826
1003
736
786
834
882
810
833
750
863
913
747
769
877
877
766
720
873
879
739
754
839
934
676
763
890
885
654
853
874
802
729
807
882
737
808
858
809
725
859
843
767
767
841
904
697
795
966
744
782
932
843
763
847
803
889
731
917
741
855
832
874
730
855
881
844
732
869
865
803
780
836
942
851
740
879
965
814
680
951
932
782
725
987
890
791
753
1027
824
807
788
1016
725
926
791
898
774
1048
670
915
863
1002
620
960
924
966
570
1055
969
840
603
1128
921
782
645
1150
811
733
809
1148
660
882
845
1020
705
949
782
935
799
941
794
879
812
996
637
947
858
1030
564
1019
879
925
629
1017
845
939
604
1020
845
890
650
1030
852
868
692
1026
836
829
733
1063
786
822
824
930
811
926
760
938
846
880
823
807
928
838
793
856
880
802
868
823
867
848
900
747
898
898
847
770
855
921
877
728
846
995
806
671
918
970
758
732
884
1035
730
704
940
1057
646
719
1008
1052
576
792
982
986
601
781
1008
1020
544
823
997
948
609
853
866
1033
629
778
899
1053
599
790
908
1037
647
708
941
1065
568
736
926
1030
630
707
951
1038
604
702
1015
981
564
781
1020
1016
490
878
990
881
634
850
923
987
544
884
910
969
576
907
886
1003
556
900
906
990
521
933
933
960
471
1096
870
884
564
1103
903
790
647
1162
788
779
735
1156
627
856
833
1050
603
922
898
930
677
914
934
879
752
998
773
887
644
1032
931
772
687
1096
836
755
746
1067
783
791
770
1037
745
830
770
1048
722
827
779
1023
710
810
827
1054
679
836
895
945
621
892
971
894
674
961
792
928
700
979
768
888
778
920
716
949
783
858
762
962
729
863
757
1027
692
847
844
884
717
883
773
974
741
853
788
887
689
882
758
904
674
869
798
837
675
922
838
761
705
962
800
745
712
942
828
717
704
986
807
721
705
1046
748
687
788
1014
680
801
767
991
713
770
784
1047
683
803
773
1022
732
778
724
1090
662
794
772
1035
701
742
804
1046
599
862
793
995
657
1035
786
983
688
891
788
910
692
955
796
907
697
987
771
875
799
1004
735
935
758
970
765
914
802
938
773
917
799
903
854
886
778
980
806
868
754
1131
766
843
824
1048
695
876
838
971
729
902
817
928
768
922
783
915
779
887
800
887
835
872
775
906
843
859
753
959
805
875
713
967
837
779
760
1106
769
821
763
1075
675
845
805
1015
703
821
823
1036
650
837
917
990
582
946
923
896
613
1014
865
880
651
1026
828
966
653
1026
816
885
687
997
812
947
661
1046
794
942
665
1031
830
907
697
1026
778
991
651
1018
825
945
683
1002
787
979
627
1036
795
992
617
1007
903
975
547
1152
813
875
597
1186
721
935
623
1175
731
942
604
1184
763
915
653
1114
808
945
587
1141
800
942
621
1099
854
923
540
1168
900
861
520
1253
850
888
547
1296
781
837
604
1294
734
844
678
1264
662
923
641
1219
637
983
671
1138
667
1088
566
1148
705
1095
611
1129
743
1095
507
1168
756
1044
511
1200
743
1031
511
1185
755
1029
511
1206
699
993
561
1193
727
920
667
1161
641
1031
647
1117
655
1069
622
1102
641
1072
720
1017
630
1142
625
1003
653
1190
557
1019
675
1140
611
952
728
1201
515
1024
687
1263
436
1059
786
1182
381
1116
809
1150
364
1203
813
1064
402
1241
742
1068
409
1283
672
1089
447
1190
757
1086
419
1218
787
1036
406
1256
756
1008
482
1265
678
1058
517
1246
736
1032
541
1204
763
1028
494
1229
734
1094
482
1228
749
997
537
1255
675
993
595
1207
739
914
558
1200
752
970
581
1226
703
1026
649
1200
721
1052
588
1149
775
1038
559
1105
874
1050
521
1132
906
1029
501
1161
918
992
466
1252
924
980
540
1216
956
982
590
1148
870
986
611
1148
840
1057
566
1090
945
1052
534
1104
945
1049
484
1072
988
1027
518
1040
1073
994
440
1110
1124
930
444
1118
1049
924
376
1194
1022
862
535
1212
1019
897
501
1207
925
977
467
1167
940
947
417
1206
934
979
382
1240
909
973
366
1306
922
907
374
1371
854
855
475
1340
839
846
514
1267
843
849
533
1259
834
821
596
1210
807
930
507
1204
849
909
506
1164
910
887
465
1163
925
876
429
1202
907
903
379
1294
860
909
387
1325
840
849
450
1306
794
875
555
1179
853
903
548
1170
880
879
567
1136
907
904
467
1213
891
864
557
1171
854
903
583
1161
859
901
572
1146
854
937
548
1137
846
930
510
1190
795
948
589
1120
817
993
542
1113
842
955
576
1099
845
936
579
1087
845
958
609
1063
849
947
609
1078
789
1011
617
1002
852
981
603
1030
843
1012
662
927
847
1062
577
960
919
988
594
1009
883
994
615
991
879
979
643
999
847
985
623
990
865
962
611
1049
820
931
655
1062
780
917
755
1020
706
1050
697
979
711
1023
692
991
678
1081
676
979
718
1091
643
978
766
1028
653
999
769
1018
663
1072
734
930
762
1047
685
973
778
1003
673
1034
747
1000
687
974
762
991
636
1084
756
958
681
1072
739
960
696
1032
816
896
674
1128
764
806
747
1130
715
886
710
1140
660
902
754
1083
686
885
796
1017
718
937
780
1002
787
895
757
1012
777
905
773
961
826
889
741
987
815
877
705
1017
852
809
731
1043
864
790
734
1073
856
727
784
1139
800
702
841
1132
712
742
860
1076
747
708
898
1043
721
762
875
1048
739
783
827
1083
763
755
827
1108
771
713
830
1126
825
666
825
1196
751
633
844
1231
727
626
851
1272
713
615
847
1328
659
614
875
1280
628
666
854
1273
672
601
865
1281
678
535
925
1270
643
577
885
1314
649
606
882
1336
586
615
920
1291
557
677
904
1259
581
688
864
1262
548
677
854
1249
584
721
850
1174
697
697
768
1251
732
626
797
1267
747
591
760
1323
726
564
863
1282
725
542
881
1304
671
584
864
1304
678
564
884
1287
599
570
882
1223
710
545
915
1234
703
589
860
1258
721
603
830
1283
742
574
831
1288
744
554
876
1296
711
569
840
1275
741
516
830
1328
729
482
819
1393
668
488
852
1384
612
527
891
1384
576
624
805
1394
583
630
814
1351
616
660
759
1374
689
626
755
1479
630
569
783
1468
586
557
847
1418
585
593
851
1398
583
616
828
1387
570
629
865
1368
549
705
815
1339
633
676
803
1368
619
694
756
1391
655
648
754
1450
638
594
829
1444
543
580
848
1457
561
625
888
1450
511
693
850
1379
582
696
785
1415
559
721
796
1331
620
719
701
1392
698
612
733
1460
626
630
784
1465
587
649
797
1438
557
638
848
1430
481
704
861
1349
531
708
850
1297
522
763
823
1258
603
741
782
1309
612
722
727
1399
591
654
793
1415
522
673
854
1377
511
706
869
1303
564
697
875
1269
611
661
887
1273
597
707
856
1264
625
678
890
1266
618
691
911
1203
638
682
938
1179
633
733
891
1181
676
716
878
1191
730
685
861
1238
747
607
947
1254
680
639
992
1189
678
687
1011
1130
713
656
1025
1113
699
692
982
1118
732
673
983
1157
701
676
1013
1136
687
730
1011
1088
729
719
989
1073
771
689
985
1097
761
690
964
1111
760
692
935
1150
770
642
955
1197
737
636
969
1214
741
609
1010
1209
712
631
1006
1192
762
641
1000
1209
720
660
995
1182
757
662
982
1170
777
678
960
1156
829
652
930
1157
815
687
879
1198
858
601
959
1189
857
564
920
1202
810
580
950
1153
800
621
979
1063
847
624
983
1020
887
658
958
990
923
682
921
1019
942
746
844
1005
960
694
848
1010
999
673
819
1068
946
647
863
1044
928
692
846
1044
923
704
854
1072
894
682
896
1044
874
719
920
949
929
743
886
970
923
869
816
942
967
758
793
960
1011
748
747
1041
955
721
791
1052
908
721
818
999
933
680
884
1016
885
712
913
982
867
779
884
941
914
757
886
930
929
879
854
897
961
768
807
953
961
744
800
977
960
714
822
985
949
715
836
990
925
718
894
1028
846
792
882
1011
902
780
918
959
878
815
896
913
907
815
857
877
963
783
834
940
935
766
861
939
983
721
876
944
977
701
897
916
983
680
922
933
957
673
930
953
946
696
957
889
955
750
898
866
1012
746
845
917
1017
712
854
917
1036
661
903
882
1057
625
919
920
1004
628
960
893
942
725
971
837
947
751
970
782
990
817
865
769
1050
791
819
811
1031
803
835
781
1065
758
781
869
1009
746
803
886
1009
706
849
886
979
695
866
940
881
760
910
885
842
839
873
832
908
870
804
820
967
827
756
873
987
787
807
899
964
787
757
923
1003
763
763
975
961
742
805
974
918
704
883
961
830
795
891
931
823
831
879
875
866
860
863
859
914
860
825
875
930
838
811
894
902
855
766
941
900
828
802
917
914
825
804
932
871
836
802
952
845
839
832
926
843
874
785
916
840
877
783
905
825
886
812
841
879
908
740
875
861
937
745
893
863
966
693
925
898
917
702
901
909
918
714
911
830
955
727
903
814
976
723
874
828
998
718
865
845
999
697
827
892
977
695
857
871
953
718
859
877
947
757
836
860
950
780
799
868
968
792
778
860
989
814
753
865
989
819
737
862
1009
812
746
874
976
867
752
810
1015
901
699
818
1036
862
687
843
1052
861
693
819
1083
852
732
824
1081
806
794
775
1079
848
751
776
1108
825
752
766
1123
821
730
796
1136
793
741
818
1096
793
830
786
1074
830
735
821
1068
856
727
809
1101
830
724
822
1121
787
732
861
1041
829
736
873
1041
847
703
862
1084
817
689
876
1103
809
677
902
1115
759
689
925
1077
738
706
958
1061
756
735
971
1079
753
729
965
1062
726
735
990
975
735
811
922
1048
730
792
904
1074
723
773
914
1080
712
767
945
1073
698
904
923
1067
716
743
1002
1100
682
745
972
1078
688
709
1002
1048
688
741
974
1021
712
771
942
1087
714
693
1003
1077
717
740
941
1109
742
700
929
1120
748
681
936
1142
734
654
944
1152
722
653
956
1171
692
661
985
1180
696
637
1009
1144
711
638
1001
1184
668
648
998
1169
688
645
965
1202
679
646
981
1200
680
647
1003
1159
702
630
1022
1139
683
694
989
1128
686
736
957
1080
741
742
922
1088
782
711
927
1123
780
717
920
1100
799
705
920
1110
788
713
934
1067
824
706
940
1073
824
699
915
1111
795
669
1002
1048
797
722
988
1021
813
716
988
1009
802
778
991
999
835
717
974
984
845
708
987
958
858
728
949
976
894
696
939
1015
879
672
934
1047
859
675
954
1027
881
664
957
1016
881
670
935
1023
865
672
926
1088
862
636
955
1096
798
674
954
1064
803
678
966
1042
792
738
1030
1034
803
744
918
1016
866
724
905
1027
867
718
892
1051
847
706
910
1039
799
786
870
1082
829
742
917
1064
840
724
893
1043
853
734
891
1018
880
724
852
1046
881
697
839
1065
895
678
869
1041
938
640
897
1066
902
655
934
1021
895
652
964
1030
860
695
945
1003
858
715
933
998
867
707
920
1015
856
697
919
1059
840
700
922
1036
806
717
941
995
796
746
931
992
795
751
963
955
793
713
998
928
784
803
965
893
807
792
931
913
800
791
935
911
822
762
953
979
810
726
984
938
809
742
974
955
782
739
1015
921
859
711
1022
931
833
679
1065
915
801
733
1038
875
807
745
1046
869
805
775
1056
815
843
801
1008
805
913
763
988
825
910
719
1027
895
840
726
1015
876
811
761
1042
835
825
763
1052
830
799
832
1007
775
807
879
962
754
875
870
929
743
939
856
872
807
961
798
881
828
937
799
880
870
904
779
905
838
893
779
941
845
875
802
927
865
875
811
932
848
844
832
934
839
842
862
909
826
862
841
912
847
913
814
902
851
832
819
953
833
800
886
918
834
815
857
929
818
815
866
907
820
834
850
958
798
797
874
935
804
795
868
948
816
778
875
1006
788
832
831
963
800
729
882
965
850
712
890
982
813
727
892
964
825
724
902
945
822
744
919
971
804
737
946
926
815
768
940
892
863
762
910
887
890
766
868
935
875
704
914
924
905
724
880
944
900
746
848
968
912
712
847
941
891
719
854
1002
853
707
871
997
819
757
862
962
864
743
859
926
873
764
824
955
892
717
840
999
864
711
854
996
842
741
848
977
877
733
857
982
885
749
895
975
897
752
830
1003
901
767
822
996
918
745
806
1029
915
739
806
1084
850
743
831
1093
818
782
831
1083
813
793
828
1068
835
785
839
1053
857
789
839
1062
854
772
827
1056
849
756
822
1056
825
747
827
1062
866
724
871
1081
843
732
807
1132
845
683
858
1122
820
685
885
1105
805
708
878
1098
769
743
883
1119
777
749
830
1154
804
698
863
1132
783
701
875
1136
775
691
936
1108
758
701
918
1098
758
742
912
1057
813
725
888
1101
810
696
904
1120
769
711
941
1062
824
708
908
1057
817
729
879
1063
835
701
901
1082
829
702
909
1096
798
711
942
1040
819
753
924
1020
826
779
883
1021
834
790
874
990
883
751
887
1004
884
763
891
983
916
744
873
1014
897
738
859
1047
861
738
875
1062
862
674
910
1020
831
730
894
1028
827
735
883
1019
851
728
900
1009
850
689
927
981
859
728
887
974
879
724
891
941
928
699
891
955
905
700
878
925
887
686
889
947
918
681
902
983
893
717
881
958
882
736
855
959
907
673
876
968
902
753
838
968
906
771
808
959
951
725
809
976
966
710
786
1041
940
663
833
1022
923
689
854
1004
875
727
865
996
844
785
846
982
864
807
837
953
891
846
797
934
910
869
784
913
972
863
723
947
976
839
697
981
965
806
721
984
930
832
745
1029
924
831
751
1013
872
855
771
967
897
850
765
987
897
855
795
954
877
880
792
935
881
885
791
931
873
904
776
958
847
901
773
903
867
934
743
949
848
941
723
970
847
914
743
966
851
894
724
980
836
895
788
971
792
925
791
943
816
932
765
947
828
922
761
935
831
907
770
947
829
901
791
958
817
915
782
975
805
915
808
928
819
943
759
967
846
950
751
979
838
945
755
956
875
914
762
970
874
913
765
940
895
903
764
977
866
906
775
999
853
915
779
976
848
928
801
931
851
937
800
881
900
951
774
927
904
911
779
913
902
868
820
926
904
831
838
931
882
923
860
872
910
837
852
907
903
841
855
892
915
836
849
879
906
879
797
851
938
861
805
887
938
856
789
875
949
835
782
898
970
830
768
942
958
773
798
924
916
817
819
923
894
864
818
877
919
871
801
883
879
927
777
816
925
943
752
839
939
936
704
838
963
946
669
885
989
916
677
882
983
907
675
880
985
876
674
904
987
853
684
944
933
836
766
915
894
892
759
880
906
930
763
872
874
981
708
843
935
949
699
847
937
943
693
855
950
927
728
837
926
936
717
841
934
946
720
829
944
949
704
838
950
945
705
849
927
968
709
855
954
934
710
893
922
973
709
877
929
971
721
855
951
957
848
837
885
1034
715
826
923
1052
713
795
950
1029
726
796
925
1041
699
788
913
1064
685
790
971
1025
673
821
990
977
685
868
944
986
697
880
927
972
820
866
893
984
726
859
895
1014
720
839
925
997
727
849
928
989
741
849
878
1017
737
842
944
991
736
837
945
969
766
827
909
1009
755
810
902
1037
751
791
915
1042
720
800
949
1040
713
815
943
1018
707
836
950
986
710
850
930
970
723
872
957
926
743
879
933
907
783
885
908
900
823
882
879
915
823
880
863
907
835
853
853
957
813
833
880
973
774
841
910
955
750
863
934
928
748
894
953
903
735
917
937
912
733
927
936
905
745
926
950
886
745
961
921
902
728
928
935
904
725
927
975
861
748
916
967
870
729
936
939
885
727
938
960
894
715
911
966
902
686
910
1002
858
693
929
997
830
695
1002
979
806
697
992
937
818
725
989
915
826
760
950
915
865
721
964
927
820
734
979
927
845
723
957
923
864
695
989
908
871
697
1009
874
883
684
1014
853
868
706
994
871
862
737
968
865
888
737
921
897
898
721
908
903
898
690
931
919
905
667
928
918
905
679
959
928
894
661
950
912
895
680
947
938
883
667
972
876
882
714
948
862
887
751
916
844
938
723
894
874
947
693
907
893
946
691
899
900
933
682
952
897
910
685
946
856
891
717
947
844
885
721
946
813
888
782
925
789
924
797
902
797
955
793
879
821
975
736
879
837
988
736
868
855
957
714
927
858
930
721
908
859
907
725
943
827
892
745
916
808
895
786
933
755
929
833
862
742
981
807
830
767
1009
788
786
843
1027
755
776
897
994
708
831
909
945
715
868
889
931
723
893
879
908
757
875
862
911
770
900
842
922
789
889
829
931
805
879
813
945
789
884
819
944
813
862
804
946
815
843
827
947
802
839
841
929
797
858
830
976
765
883
840
881
798
925
818
867
843
935
780
883
878
894
776
913
863
853
785
954
865
857
801
933
860
846
803
950
844
841
826
929
852
844
803
953
840
825
811
942
837
848
807
935
852
861
789
948
855
841
788
957
854
796
794
972
867
821
783
975
849
821
785
981
856
790
836
956
829
844
815
944
826
846
805
911
849
858
799
899
900
893
764
923
913
821
768
945
910
794
763
979
896
799
752
984
891
765
783
988
858
782
786
998
841
783
797
992
835
789
788
985
830
810
789
975
857
813
796
973
865
774
821
963
860
771
798
970
875
776
784
975
866
767
777
981
891
724
796
991
877
712
820
987
930
734
819
977
854
718
841
962
860
721
828
969
865
732
812
978
865
747
755
986
905
742
779
995
907
720
784
999
901
716
759
1034
880
690
779
1033
837
703
768
1032
882
673
800
1048
869
660
830
1032
839
681
856
980
847
707
833
973
887
723
826
958
894
720
797
984
896
708
790
993
889
689
809
995
890
709
794
987
882
699
807
996
872
699
819
986
871
716
818
981
869
746
804
971
883
763
803
942
914
742
788
979
894
745
791
978
875
743
815
979
873
773
779
971
875
753
799
979
866
754
807
973
855
784
823
943
858
803
807
908
914
814
799
914
922
828
756
926
946
805
761
943
933
783
785
946
919
843
754
939
926
762
776
946
918
754
817
938
897
759
845
909
893
789
831
853
918
798
827
862
919
799
809
844
952
797
791
862
945
792
791
859
976
867
776
849
978
749
815
845
980
751
810
876
939
782
818
856
934
791
834
796
954
813
847
800
959
824
821
789
991
816
801
808
989
806
798
814
997
793
815
818
978
787
834
828
983
778
856
831
960
789
877
812
953
799
881
784
955
834
881
795
954
831
880
786
948
856
868
796
971
837
867
794
973
834
892
784
949
836
875
787
966
828
902
781
952
828
905
809
907
873
887
811
891
883
920
790
907
884
939
761
894
913
909
765
903
930
882
789
899
918
925
777
904
892
897
799
903
884
918
797
883
907
917
794
883
911
934
780
847
941
922
784
871
943
905
771
877
946
895
777
847
976
868
794
843
964
897
782
833
963
873
799
854
947
881
814
830
946
899
798
818
976
926
782
797
990
915
769
850
963
912
744
858
978
895
753
879
963
903
740
901
954
870
798
889
911
888
799
877
925
899
798
865
925
897
811
861
927
907
816
851
939
906
814
876
931
897
819
869
944
887
823
864
943
894
817
854
959
896
802
848
956
885
779
868
1008
884
782
892
998
851
799
892
979
852
807
896
950
881
814
882
957
875
807
872
984
858
818
868
974
874
805
879
965
880
811
861
948
895
778
883
972
898
768
907
971
870
777
906
966
871
769
948
910
869
805
937
922
869
803
929
892
904
792
929
892
921
774
934
894
911
770
929
875
901
773
928
905
931
761
920
918
908
758
919
939
902
741
939
905
898
747
958
958
851
763
964
926
866
760
959
911
861
767
957
923
868
771
970
889
864
782
955
898
886
790
937
920
866
793
947
910
862
800
959
884
865
828
960
886
861
831
941
877
869
845
923
886
890
843
911
913
884
830
917
900
883
806
940
912
885
812
948
901
870
839
931
899
880
814
943
910
872
852
936
920
861
851
928
925
849
868
923
923
866
868
913
919
880
866
958
914
867
870
896
929
881
861
896
935
876
867
897
948
864
857
920
941
819
882
931
933
824
907
909
915
826
914
902
903
849
904
906
909
834
921
861
891
826
920
867
909
841
912
881
910
833
923
875
914
839
903
889
920
786
912
911
911
822
914
896
906
823
907
901
902
824
909
911
875
832
919
895
879
825
911
887
881
849
915
875
920
836
905
895
914
817
912
909
895
819
912
928
896
833
901
904
898
825
899
907
900
811
910
917
872
825
918
903
891
833
918
874
881
849
903
894
900
828
894
910
886
816
915
919
877
812
907
931
892
810
912
945
868
787
941
938
844
819
940
930
846
824
929
937
862
802
935
927
861
808
947
945
845
816
940
926
866
805
939
943
860
797
928
944
873
782
970
934
845
777
991
906
843
790
981
900
846
817
962
901
876
801
957
895
864
815
943
914
861
820
931
929
859
805
930
939
852
802
877
969
851
807
931
944
845
800
924
963
845
787
926
974
824
797
917
995
822
776
920
986
804
758
950
996
777
785
946
994
756
825
932
984
770
822
922
967
791
838
908
968
808
822
878
1012
799
809
880
1028
791
789
908
1035
772
789
906
1031
751
782
933
1035
741
789
955
1003
744
821
944
995
751
816
943
982
780
841
920
985
779
831
909
981
791
818
910
984
795
817
901
997
795
819
893
994
785
801
910
995
775
821
894
1004
772
818
899
1009
775
812
913
994
781
810
937
995
754
817
927
991
751
812
929
981
762
806
931
976
775
858
902
983
751
828
912
985
779
810
920
989
761
817
918
987
759
821
910
964
774
829
928
965
787
808
917
991
760
830
917
968
773
818
919
973
780
894
895
973
781
804
908
984
779
806
913
984
773
824
896
990
778
813
890
962
775
823
909
1002
760
815
904
1009
738
823
901
1005
707
837
903
973
761
797
885
979
762
809
891
983
777
807
882
993
793
785
878
1028
775
767
907
1002
772
784
923
1013
768
777
917
1032
744
779
921
1022
753
781
924
1020
754
780
936
1005
750
787
911
1013
762
799
896
1020
769
793
889
1036
784
775
896
1043
779
785
916
1036
770
781
907
1028
775
790
903
1029
786
793
923
1021
775
801
925
1004
772
801
907
1025
775
798
909
1020
780
789
919
1023
775
791
918
1029
759
789
953
1022
766
783
926
1059
775
768
924
1049
763
765
932
1043
762
773
1010
1030
751
775
916
1048
758
771
912
1065
749
770
923
1054
736
776
920
1049
699
794
925
1050
751
777
936
1039
736
795
924
1036
745
808
919
1036
748
812
917
1018
741
815
907
1036
742
824
904
1031
746
816
901
1036
727
831
902
1029
721
843
907
1046
724
849
893
1024
734
853
888
1014
751
850
862
1042
756
836
875
1075
733
822
879
1041
740
836
893
1027
751
825
909
1007
747
851
909
978
778
845
919
964
815
848
873
969
825
825
874
985
824
814
885
987
821
794
901
1070
789
784
918
989
778
813
930
968
796
820
925
958
798
827
934
941
803
800
946
931
825
843
906
928
846
830
897
934
847
816
907
931
846
809
910
900
827
804
915
910
842
807
914
908
842
837
896
911
857
819
915
905
851
808
917
918
850
820
925
888
857
825
915
889
865
820
922
886
863
821
925
877
875
808
913
882
859
817
926
867
867
808
926
876
863
808
944
877
856
813
932
889
869
817
918
898
847
805
940
892
835
822
946
879
843
827
926
881
870
822
909
881
840
830
925
875
842
841
905
878
861
835
885
892
866
821
866
912
866
830
881
918
846
835
881
924
843
822
891
919
839
822
902
913
877
826
884
910
819
834
920
893
822
850
907
891
835
833
927
889
827
829
895
889
832
842
939
869
817
855
928
853
840
841
927
847
848
840
913
861
798
840
898
862
831
847
909
872
826
850
908
881
815
858
923
854
819
863
894
861
837
871
908
855
812
886
902
837
832
880
900
825
840
897
878
821
852
899
850
825
857
880
872
831
859
871
876
840
851
874
880
847
856
861
897
845
850
869
911
834
826
879
899
832
835
872
911
829
832
885
911
820
835
935
875
815
855
892
873
823
873
887
860
837
880
877
849
857
883
862
853
861
876
861
857
872
851
858
878
874
828
878
882
851
839
891
869
845
849
925
837
831
873
892
843
857
896
885
832
880
880
847
856
874
861
861
859
822
876
856
869
859
879
853
856
870
860
868
874
881
873
865
841
853
875
845
851
875
882
829
859
886
889
820
861
907
841
838
867
886
852
869
872
860
863
879
880
864
847
856
871
840
898
823
857
853
913
824
844
842
939
796
823
867
927
804
830
902
929
775
851
929
889
775
878
916
878
771
887
910
884
780
900
908
851
793
907
883
858
805
904
867
871
819
880
862
887
813
921
855
892
812
856
879
893
810
863
880
905
798
871
879
892
813
878
865
868
841
875
874
899
821
857
880
909
809
867
893
904
796
877
889
891
799
891
882
881
799
870
893
888
802
876
891
902
809
872
891
896
802
890
906
834
825
907
883
879
812
903
874
871
831
889
881
873
825
894
887
863
832
859
881
849
839
901
869
871
850
898
870
871
859
889
869
872
853
889
856
874
853
908
861
898
841
900
851
897
841
893
866
890
847
888
858
901
843
883
873
883
833
885
872
894
827
885
868
892
819
906
870
910
814
919
870
890
821
933
875
895
821
928
843
907
812
914
864
904
798
886
857
914
820
890
919
912
787
868
859
920
802
890
862
943
780
892
899
925
774
891
877
895
747
903
892
913
772
890
891
931
768
905
888
928
761
929
887
895
771
939
850
907
786
923
872
897
810
887
862
932
798
889
859
941
786
900
849
925
755
908
866
939
807
877
860
953
790
875
875
961
776
884
882
947
777
882
898
941
749
894
897
930
766
915
875
926
776
919
866
934
769
913
862
935
747
915
880
930
771
906
856
948
754
903
875
932
763
899
868
938
766
902
856
980
755
894
857
954
764
899
869
943
770
903
872
938
774
914
875
912
780
917
868
912
801
938
830
916
821
913
837
938
810
900
822
954
798
882
843
987
774
885
856
943
779
902
868
929
775
924
856
905
803
916
845
912
813
886
843
923
818
914
822
925
822
896
831
930
824
888
831
945
807
882
859
938
792
875
865
932
787
904
878
905
809
908
869
908
808
912
854
912
823
877
871
924
817
920
837
904
845
895
839
914
839
890
847
911
831
889
848
907
842
884
840
896
839
895
847
890
853
887
854
885
862
888
837
900
862
888
836
914
872
883
831
906
875
869
829
915
875
870
827
934
851
862
843
933
867
859
858
918
810
889
867
908
807
903
878
880
829
912
857
873
847
915
814
901
860
905
829
904
853
890
837
907
848
883
852
900
846
889
850
898
852
876
832
906
843
882
842
917
839
863
863
917
863
871
876
902
827
891
822
908
853
881
861
910
833
866
874
911
831
861
884
903
829
866
883
903
799
868
862
903
825
856
891
915
811
856
895
912
807
858
907
897
807
865
884
901
825
861
912
893
812
866
916
876
813
873
902
875
828
877
892
869
846
867
868
876
848
859
877
884
859
853
881
883
865
853
882
889
862
849
871
895
890
854
875
897
874
848
872
898
866
843
891
886
862
853
895
865
866
889
866
860
875
864
866
867
890
861
859
865
905
845
862
879
908
838
865
862
918
837
870
886
896
824
873
879
900
815
883
887
899
810
879
894
886
870
878
881
881
809
896
889
868
829
898
878
859
840
906
864
860
866
886
806
895
873
877
852
882
864
867
850
887
865
860
859
893
857
872
853
892
827
863
835
906
855
851
858
902
850
855
853
905
853
862
857
905
842
862
841
921
845
866
866
903
840
869
859
903
835
879
866
893
832
889
858
893
829
907
845
869
844
898
854
874
844
914
851
869
858
901
842
871
866
885
839
893
872
867
867
887
885
870
876
879
853
889
879
881
847
877
883
875
844
933
869
861
847
888
878
865
860
883
871
869
854
886
870
872
859
882
866
847
880
873
872
888
855
852
887
887
837
851
912
869
830
880
904
862
829
879
889
853
829
883
891
853
844
884
877
864
845
887
876
864
854
884
861
829
872
880
879
886
845
857
895
877
829
877
903
866
840
883
893
873
836
883
887
857
838
883
882
863
855
891
869
875
858
883
863
878
860
879
854
863
865
892
856
890
862
879
851
893
859
873
855
891
856
879
852
899
862
872
870
893
844
873
850
907
851
864
849
912
846
853
862
963
834
858
877
919
818
887
891
904
822
887
876
891
831
907
853
889
849
898
849
894
857
877
884
875
864
873
854
890
872
866
855
893
866
863
864
897
866
856
875
891
826
867
895
890
860
859
888
873
866
865
877
873
875
854
875
879
875
854
884
877
869
850
863
888
883
839
873
904
871
844
861
923
869
814
879
929
791
825
908
920
846
821
913
903
847
822
912
907
834
826
903
894
842
831
927
885
843
831
895
897
860
834
898
885
869
809
889
892
873
814
893
907
836
816
914
908
840
835
910
888
837
824
903
879
865
840
888
877
854
824
907
889
861
813
899
867
861
833
919
869
853
835
907
860
895
834
913
853
902
811
910
870
914
799
909
865
906
823
905
863
889
811
901
872
885
811
896
953
877
794
901
876
873
807
919
877
867
811
921
872
863
812
930
866
859
776
951
865
848
830
931
855
838
828
939
838
844
841
931
842
852
839
935
840
854
833
917
831
867
842
913
840
866
839
910
841
868
834
908
846
867
800
919
857
872
836
901
847
876
836
895
850
879
835
893
860
875
821
912
855
891
811
901
860
875
823
895
866
874
827
894
868
875
832
894
875
863
827
891
888
866
836
884
879
856
834
884
880
856
839
884
883
849
842
881
886
860
829
875
885
844
841
886
893
841
844
885
891
839
852
882
889
843
849
875
909
847
858
877
935
846
852
875
890
848
855
869
891
855
858
867
896
937
851
852
897
856
862
858
907
863
855
854
917
855
859
853
909
847
863
827
921
856
875
854
905
846
877
848
905
860
875
843
907
853
872
841
915
803
873
834
909
847
879
841
913
850
875
851
906
847
876
850
903
838
885
819
909
849
894
848
892
845
888
849
893
846
892
853
898
843
898
848
899
843
913
830
883
845
905
843
897
839
912
843
895
843
911
839
885
847
917
817
894
867
923
812
909
861
894
814
917
854
899
814
920
848
902
821
927
850
914
801
925
840
903
812
936
827
909
827
926
827
917
819
922
827
924
803
917
857
915
805
939
835
915
795
941
840
908
790
955
828
904
805
948
824
997
800
935
815
922
808
927
822
938
797
923
845
926
793
930
842
933
779
899
861
937
786
935
849
928
784
938
849
932
784
930
857
931
789
925
860
902
777
907
862
927
783
927
858
933
780
932
860
921
772
941
851
928
786
915
856
941
786
941
837
944
783
934
848
935
782
925
842
950
782
911
846
957
791
901
846
953
769
961
851
955
758
923
858
943
753
938
854
941
757
937
865
951
775
948
848
933
758
939
847
935
765
938
850
946
760
941
846
933
784
913
826
942
763
917
855
954
751
931
869
944
736
944
863
944
737
957
865
943
747
964
857
938
748
954
849
929
751
953
838
942
763
939
846
955
841
921
848
949
751
933
863
947
752
934
866
941
740
948
869
933
750
946
828
943
761
951
874
913
757
962
859
903
777
952
852
909
784
946
849
918
768
922
848
925
773
933
873
923
779
941
874
914
785
938
867
911
805
915
850
922
814
917
879
923
805
900
887
921
791
893
901
914
783
899
903
911
788
915
895
894
795
906
905
898
806
902
906
897
807
899
901
905
813
898
895
909
815
901
907
903
807
897
910
903
798
897
912
901
799
899
911
898
797
908
890
885
798
897
903
888
812
888
907
891
814
893
903
891
811
895
897
875
833
899
901
883
820
907
892
882
819
899
894
886
828
889
897
882
827
957
895
875
815
881
910
876
821
887
918
872
819
903
909
870
829
901
906
829
853
899
900
865
829
905
895
872
828
900
900
871
824
891
915
868
821
860
924
846
831
910
917
857
826
900
921
833
828
904
924
829
832
920
905
811
845
931
904
828
855
914
880
841
867
900
888
859
862
888
885
856
853
891
913
854
839
879
904
861
837
889
907
860
840
891
907
849
838
937
906
847
841
912
910
851
846
893
907
851
858
892
905
853
856
885
903
859
859
884
910
849
853
867
911
862
861
867
910
855
852
866
915
853
849
875
917
856
821
886
934
845
853
882
912
842
863
883
910
840
861
888
903
843
867
876
1004
843
862
869
895
859
852
881
898
854
852
872
909
851
848
880
916
836
801
907
923
834
854
895
908
820
867
900
901
826
864
902
883
837
877
886
894
859
853
876
895
856
855
882
907
850
853
875
915
848
854
877
915
843
841
885
935
843
852
891
914
833
857
890
913
834
865
894
903
842
873
879
899
852
859
863
896
845
858
870
910
839
854
875
906
840
859
872
906
835
861
858
926
836
870
866
907
843
862
868
911
843
854
873
910
836
854
894
903
889
855
891
886
827
878
894
876
841
885
887
867
843
894
866
864
865
882
829
882
885
883
852
871
880
867
847
885
882
856
850
891
871
857
860
883
899
848
860
879
865
857
879
875
863
864
873
874
874
864
872
873
874
859
837
892
888
856
879
885
866
848
886
883
863
857
877
883
860
852
886
880
861
856
866
867
867
855
885
868
868
859
883
864
872
866
874
872
883
856
865
882
885
861
884
876
874
857
922
869
879
856
883
869
881
863
869
879
871
866
868
865
875
869
873
879
877
858
880
888
860
865
891
876
861
866
895
863
874
889
884
866
866
881
875
867
867
883
875
877
865
881
870
879
863
950
866
863
859
876
884
867
862
881
879
866
865
895
868
862
879
889
861
832
903
896
867
862
889
884
859
865
891
876
857
863
889
874
860
866
887
883
855
843
886
883
858
856
892
886
857
850
897
891
857
849
903
882
862
814
916
895
867
842
905
886
861
841
906
884
851
844
912
881
853
843
921
881
863
842
900
871
853
858
907
877
858
853
893
883
861
849
895
886
861
842
893
907
865
848
892
896
856
843
897
894
861
836
902
895
859
837
904
895
868
829
895
891
862
828
912
894
848
838
915
892
848
849
916
883
861
845
897
886
881
845
897
883
870
837
898
884
871
843
888
894
871
825
908
898
955
821
898
893
855
831
903
906
854
838
910
898
855
843
906
895
852
839
871
907
861
841
909
886
860
832
905
898
848
832
912
903
845
841
913
890
889
832
905
882
844
843
903
886
853
831
902
882
858
834
900
883
860
831
858
896
876
827
896
891
863
816
903
891
859
816
909
888
859
815
908
883
856
819
898
885
850
816
912
889
853
812
911
884
856
809
919
880
846
821
901
884
863
823
919
870
858
823
907
867
862
824
901
870
867
815
899
872
866
826
887
877
857
807
911
886
853
807
917
884
844
814
923
869
850
826
925
852
869
831
923
861
859
832
917
865
864
833
909
869
868
824
911
873
860
851
903
868
863
823
921
874
863
824
916
874
873
822
923
875
871
817
924
839
884
826
920
877
876
811
924
873
871
814
926
876
868
818
925
873
872
923
912
863
867
816
920
880
868
820
921
875
868
824
928
869
866
826
917
822
886
840
917
875
874
821
923
873
882
827
911
873
870
818
914
876
874
813
931
863
852
813
941
869
858
826
936
860
857
827
927
864
861
826
935
853
857
843
941
852
859
836
924
849
873
827
921
852
876
825
914
857
871
824
932
850
863
822
928
862
863
821
930
859
862
826
933
845
863
841
925
840
860
858
928
849
873
837
918
859
869
843
918
856
869
835
924
851
869
838
1013
844
849
842
925
837
865
837
921
834
864
841
916
835
873
847
908
842
840
851
925
857
869
837
915
859
860
839
922
856
867
836
933
842
859
843
903
848
847
843
929
835
866
854
925
829
869
853
921
826
873
844
923
831
895
859
937
834
872
851
929
829
866
848
921
833
866
857
919
832
868
848
927
831
858
844
915
827
868
858
926
814
871
859
920
817
883
861
918
823
883
847
928
835
885
835
928
836
874
838
936
833
868
836
945
828
860
846
947
847
847
850
938
809
866
862
934
803
889
857
921
813
886
853
909
819
887
815
926
838
879
845
916
836
873
835
927
836
866
842
933
837
856
851
939
811
842
847
933
824
853
862
929
824
861
864
918
826
869
867
918
821
867
826
932
833
871
859
924
831
856
858
931
820
856
871
920
816
854
871
919
821
855
866
907
817
861
872
907
815
871
876
899
816
870
873
894
824
873
837
917
835
875
866
902
834
866
864
908
832
859
865
912
823
863
872
905
825
884
863
898
821
869
876
897
825
871
870
899
832
869
870
900
835
861
867
908
837
863
873
916
820
857
878
911
822
862
877
914
816
866
879
913
813
921
860
897
814
880
871
914
823
877
879
898
826
877
874
901
834
871
866
881
851
875
878
913
831
870
872
908
833
869
874
909
834
868
879
908
836
823
864
902
825
863
877
910
821
875
874
909
825
870
873
903
833
873
873
865
847
877
871
907
837
864
873
901
838
907
863
907
843
868
871
907
843
854
869
898
832
860
875
907
834
863
877
905
836
876
872
901
834
881
867
891
846
885
871
910
836
868
865
908
845
865
868
905
843
869
864
909
849
863
877
897
833
863
871
908
839
864
877
903
837
874
882
895
836
880
875
895
844
893
875
902
851
880
874
901
849
915
874
900
844
881
881
897
848
877
934
881
829
886
883
889
843
891
882
893
847
889
877
888
844
885
876
892
808
906
889
891
833
894
883
879
836
897
879
877
837
897
880
880
840
899
843
876
832
890
871
880
847
898
869
888
837
891
868
886
843
884
877
887
802
896
891
888
837
891
884
870
838
889
880
869
837
898
875
874
843
896
877
869
841
879
876
875
851
883
875
879
846
879
879
875
847
878
882
869
835
890
886
879
855
876
881
882
847
876
880
880
850
878
889
875
852
870
887
916
833
867
885
881
841
876
885
883
849
875
884
882
847
876
881
891
847
864
895
895
847
878
880
893
838
878
883
898
836
878
892
891
830
891
890
909
822
886
879
882
840
893
884
880
841
895
872
883
845
891
875
884
852
849
890
901
855
876
881
891
843
874
886
894
839
881
893
892
839
882
890
988
823
876
879
886
835
878
880
889
834
917
876
889
840
879
872
893
838
833
885
903
851
865
871
899
848
857
872
907
840
858
877
904
836
861
875
899
846
855
871
895
839
866
874
894
847
862
880
893
844
859
880
894
836
865
882
895
845
871
878
872
851
866
871
877
858
858
868
892
857
848
876
897
861
835
872
893
850
848
891
894
848
856
889
895
850
854
888
888
846
865
878
891
856
865
885
883
854
874
879
886
861
867
881
886
863
861
873
896
957
846
868
894
861
858
871
900
863
856
877
901
855
860
880
898
849
855
853
911
851
870
888
887
858
866
886
885
859
879
878
883
865
870
875
880
825
860
865
879
869
859
876
889
868
859
877
888
874
855
876
886
874
852
859
901
882
857
870
893
880
847
875
892
871
857
874
888
874
850
877
887
869
852
863
876
875
854
874
886
873
856
871
878
885
850
866
885
886
851
869
890
896
853
871
884
884
841
876
881
881
847
874
880
879
847
875
885
879
898
854
877
879
849
868
889
882
847
870
893
881
841
870
890
879
833
870
880
887
849
881
896
871
842
883
894
868
839
883
890
872
841
880
890
879
875
866
877
878
843
871
894
882
843
876
894
877
839
877
893
881
840
880
857
889
852
886
894
874
845
879
893
866
847
882
890
872
848
877
890
873
810
876
879
875
847
877
893
874
852
873
898
870
856
881
888
875
854
873
874
882
868
875
890
875
857
873
889
877
853
876
890
874
857
880
886
875
861
878
877
872
859
877
884
885
859
872
884
886
860
865
883
885
856
875
880
890
865
877
879
886
847
875
885
883
847
878
885
880
853
879
886
877
857
900
872
868
851
877
880
880
856
874
883
884
853
872
885
876
851
874
883
864
865
879
886
883
852
872
885
876
851
883
881
882
851
875
878
877
850
941
864
871
854
869
872
886
852
871
873
883
853
875
872
885
856
873
870
839
874
880
872
885
860
879
866
883
864
872
870
879
863
878
860
877
865
831
859
873
857
871
859
888
860
875
864
880
860
873
867
875
860
878
862
861
873
891
866
877
869
875
858
879
863
877
861
879
862
878
855
878
864
874
864
861
856
873
861
873
871
875
861
880
869
872
866
877
869
871
869
874
867
886
878
873
860
879
870
869
864
882
867
874
864
882
865
871
866
879
872
855
863
880
864
873
870
882
861
871
875
881
858
869
870
880
855
873
861
889
873
875
875
873
867
871
877
875
869
864
882
878
867
857
885
881
898
843
879
877
855
855
894
882
850
856
899
876
846
865
899
875
853
862
852
883
868
871
892
871
861
863
884
878
861
856
886
877
863
855
892
875
819
854
880
875
856
854
893
879
859
857
895
869
858
865
889
874
861
867
875
875
880
868
885
871
865
869
877
873
868
864
880
875
869
862
879
876
866
857
870
879
854
860
884
885
854
859
884
883
849
862
891
878
847
866
883
883
858
868
892
877
843
863
893
870
844
865
886
867
840
867
891
859
847
920
871
855
847
871
881
866
851
867
881
865
853
856
877
875
849
857
884
858
861
868
892
866
852
859
889
867
845
862
885
865
849
860
880
863
855
886
861
861
856
861
879
874
851
863
873
877
853
859
877
873
856
864
877
834
865
870
879
879
853
859
880
879
848
862
885
872
848
864
884
872
851
839
883
859
847
864
878
866
853
870
873
865
854
865
875
869
855
859
882
858
860
872
891
877
854
856
885
874
849
859
885
872
843
861
890
872
842
864
895
855
841
866
893
866
844
875
894
863
851
871
882
860
850
864
885
853
854
872
889
868
855
858
882
871
852
861
882
867
847
862
883
867
849
866
931
850
849
853
882
865
847
859
883
866
851
854
883
861
852
853
879
856
827
864
886
872
852
852
883
867
849
853
881
869
849
855
885
862
847
857
846
858
837
854
875
864
849
858
874
867
846
855
881
865
843
863
879
865
811
870
885
870
850
858
874
865
849
860
877
864
851
858
875
865
853
860
886
862
839
853
883
864
843
868
886
860
851
869
886
860
853
873
883
859
844
875
894
868
859
864
882
866
851
859
894
861
853
861
891
865
849
860
890
895
833
854
893
863
849
869
895
865
846
870
891
858
852
869
883
866
847
858
897
873
857
868
880
867
855
864
878
873
858
861
880
876
851
855
881
916
839
852
879
877
851
860
885
872
850
862
885
870
852
864
883
875
852
832
899
882
864
857
885
878
853
859
886
876
852
859
891
869
851
857
891
850
839
844
890
869
854
859
891
871
858
859
894
864
856
857
891
870
853
812
909
879
859
855
894
870
853
854
888
870
854
850
891
867
856
848
900
868
867
838
892
867
857
848
897
870
854
853
898
866
859
854
897
867
856
848
895
876
862
856
892
865
854
851
895
869
855
857
892
867
858
857
886
868
867
842
879
865
861
852
886
876
862
851
884
883
854
850
889
881
850
855
883
889
856
855
888
873
850
854
890
877
854
854
885
879
850
855
890
875
922
845
877
869
851
863
886
872
855
863
887
862
866
855
882
869
865
854
845
889
867
848
882
879
858
848
881
881
859
843
887
887
855
845
890
887
869
844
879
875
850
851
890
881
854
859
885
879
853
853
887
880
854
856
853
892
861
858
886
881
853
857
885
876
849
860
885
878
856
856
880
886
860
865
865
877
857
851
881
882
858
856
876
882
861
852
878
880
857
854
885
877
863
867
885
878
854
861
880
874
861
860
882
876
862
859
882
880
858
865
871
868
856
863
879
876
851
866
874
879
851
864
875
872
852
870
868
901
863
872
881
871
852
867
876
870
857
869
870
867
864
863
866
865
862
955
857
861
859
857
874
871
860
858
882
869
856
858
887
867
854
859
889
827
866
869
891
862
851
861
881
866
850
863
882
865
853
861
885
860
851
829
876
850
847
867
881
861
853
872
883
865
855
868
875
862
864
861
879
854
868
864
888
875
853
859
885
877
850
862
889
866
846
868
886
866
845
877
891
848
846
876
885
853
859
883
879
854
860
878
878
854
864
878
873
858
867
891
875
865
872
870
875
866
861
875
880
866
858
879
883
857
857
879
904
841
851
882
885
848
861
881
880
849
865
887
879
853
867
887
881
854
854
898
885
856
874
884
875
855
870
884
871
858
865
886
871
853
863
885
921
841
859
883
869
857
874
878
872
855
873
874
870
859
877
872
875
857
828
888
882
861
874
877
872
854
873
881
867
855
879
880
861
856
878
875
824
861
868
867
867
862
877
874
865
861
877
876
868
855
882
875
868
856
867
889
871
861
886
878
866
856
882
869
867
856
879
871
867
861
875
866
875
861
863
864
871
858
877
871
873
865
869
870
880
859
871
876
874
850
875
887
886
858
877
883
870
854
879
879
865
859
876
875
870
857
882
875
876
906
863
864
875
855
871
872
875
862
870
871
879
863
868
872
878
859
867
861
894
865
869
883
882
850
866
879
881
853
868
883
883
850
875
884
879
873
860
877
869
843
875
886
873
847
877
887
870
845
882
884
867
854
881
837
885
868
879
874
869
857
869
877
874
855
874
877
873
859
871
882
870
847
872
869
874
855
875
880
869
856
877
885
867
857
870
882
870
855
880
865
877
876
881
880
863
869
875
873
867
868
877
873
867
870
871
871
870
863
873
863
862
861
878
868
871
869
875
869
869
864
870
866
877
866
869
863
877
879
873
874
873
863
871
868
875
869
872
869
867
866
875
863
871
865
928
851
862
866
872
866
868
867
877
863
871
868
876
863
871
869
876
863
844
883
884
864
867
873
871
861
870
867
875
864
868
867
874
865
871
863
838
860
858
861
875
868
869
862
879
869
863
863
879
865
867
868
883
864
826
883
893
863
871
871
873
868
871
872
877
865
874
870
875
867
873
874
879
863
861
861
882
860
876
871
871
867
878
868
872
870
877
875
873
867
860
883
879
870
879
873
867
870
876
871
867
872
871
874
865
869
875
879
866
892
857
872
862
867
868
882
869
866
864
881
865
865
868
884
864
864
869
878
872
869
873
887
859
862
873
884
854
867
877
879
859
865
877
875
856
897
856
907
853
870
867
879
855
870
866
875
856
869
872
881
856
873
871
844
869
875
882
879
860
867
877
878
853
874
877
877
848
871
885
869
849
872
880
861
843
872
883
866
852
878
881
872
853
875
883
865
855
879
879
833
865
886
885
875
851
876
884
867
851
874
882
910
849
879
883
867
853
885
881
853
848
879
879
866
853
879
886
861
852
878
884
861
858
876
883
852
865
892
877
865
857
875
879
865
863
876
880
865
857
875
880
870
858
875
907
853
854
877
880
867
857
877
883
865
855
881
884
865
859
884
880
860
848
896
881
862
861
879
877
859
860
878
875
858
861
874
876
864
862
875
903
857
854
873
884
866
865
875
887
864
859
875
882
859
858
877
886
862
826
892
896
861
860
880
884
861
854
884
884
856
863
880
885
859
861
883
980
842
848
878
883
855
861
880
884
859
859
877
883
857
856
875
887
851
817
898
897
851
855
888
889
845
857
885
883
847
860
883
888
845
869
882
883
862
851
876
882
848
863
882
886
842
857
882
888
842
856
885
896
839
853
889
898
839
864
887
881
837
860
884
883
846
861
883
885
841
861
882
885
850
847
876
879
842
857
883
887
844
853
883
890
843
853
885
889
840
855
881
901
846
860
887
890
841
861
883
886
847
860
883
888
845
856
880
891
905
843
873
888
840
855
888
891
837
861
895
887
844
858
891
890
839
864
857
900
850
867
891
882
849
862
888
886
846
864
882
885
847
863
884
883
927
853
875
882
850
865
883
889
850
866
882
884
849
862
884
890
846
861
843
907
855
866
888
889
841
868
883
887
841
871
889
885
838
872
885
884
838
889
875
875
876
876
879
880
844
874
876
886
848
877
870
881
849
870
865
887
860
872
878
888
846
872
875
890
847
872
880
884
844
871
877
887
848
884
862
879
861
872
872
891
857
868
872
894
853
867
873
886
854
865
875
882
867
869
881
890
850
867
879
886
849
866
883
882
847
870
883
882
848
944
866
877
887
871
878
882
854
866
876
889
849
864
877
887
848
868
877
854
862
881
882
889
845
870
879
887
840
871
879
883
845
874
882
881
846
943
871
877
841
871
877
881
849
873
886
885
846
871
883
883
848
873
883
856
856
885
890
878
847
879
879
884
846
872
875
888
851
868
878
888
848
874
882
875
838
874
877
889
841
872
884
892
842
869
883
885
844
881
879
882
851
895
887
886
848
876
873
888
848
879
873
891
853
873
873
890
847
875
907
880
842
871
882
888
847
873
877
882
845
874
882
880
852
877
877
881
830
892
884
886
852
876
872
882
848
872
876
891
846
876
869
889
849
873
907
876
843
869
869
891
850
873
870
894
851
873
874
891
850
869
878
893
803
883
885
894
852
868
877
886
856
872
869
888
856
863
867
885
853
864
840
886
844
859
870
887
854
868
871
888
858
866
872
883
865
862
865
893
846
872
878
893
862
862
866
887
863
864
867
885
855
860
869
883
857
863
875
885
843
862
871
882
856
862
873
878
853
867
875
878
856
866
873
875
854
870
884
878
866
874
871
871
861
871
869
878
855
865
872
876
858
869
876
926
841
856
874
876
856
867
875
877
854
869
877
875
858
874
876
871
860
844
886
882
870
868
870
872
865
866
871
879
863
864
875
879
862
865
877
836
856
855
873
873
857
875
871
872
863
871
879
871
863
875
880
871
864
836
890
877
865
866
879
877
863
868
877
875
864
868
881
873
865
863
877
843
854
857
875
874
858
866
882
872
859
868
879
877
856
873
882
876
856
851
893
882
862
874
886
874
854
874
887
865
853
871
890
861
854
876
889
866
876
858
879
864
859
868
885
863
860
878
888
863
859
874
884
860
857
871
881
879
864
880
889
859
861
880
883
855
862
875
888
859
862
877
891
858
886
859
879
855
862
875
888
854
863
874
889
857
864
875
887
855
861
882
856
868
874
879
886
854
867
874
885
859
864
874
883
863
906
868
886
864
845
860
876
861
853
872
891
863
857
870
891
861
857
872
891
863
860
878
851
874
873
879
885
861
869
873
882
863
864
866
884
865
866
868
888
862
871
861
877
858
860
875
886
857
863
872
894
854
866
875
886
854
864
877
870
862
875
879
891
856
870
873
882
857
863
871
885
855
861
873
890
852
859
901
879
836
856
878
888
845
861
880
880
845
863
876
884
846
866
877
880
842
874
885
885
849
865
872
885
850
865
875
880
852
866
875
881
849
865
882
874
842
859
873
886
849
865
875
883
850
867
871
887
848
863
873
882
823
877
888
884
851
872
875
882
851
866
876
887
851
859
885
886
848
859
974
880
835
859
877
887
844
863
887
884
842
862
883
886
842
863
876
881
802
871
895
887
845
862
879
880
843
862
879
883
851
865
879
884
845
860
885
891
831
853
882
883
844
863
880
881
846
863
883
882
845
866
877
878
840
868
887
884
851
866
874
876
847
868
871
880
847
863
877
882
847
866
878
884
832
858
873
879
847
867
880
877
849
864
878
883
849
871
877
877
848
857
891
883
854
865
882
875
851
866
879
878
851
866
879
876
856
867
881
952
843
863
874
873
855
872
883
874
854
862
880
875
849
865
880
880
853
831
896
887
856
869
880
875
854
861
885
873
853
867
880
879
853
863
879
848
849
857
876
872
857
907
877
874
853
873
880
874
859
869
880
869
854
851
884
882
861
872
876
873
861
867
875
869
863
869
873
873
858
867
869
875
878
853
864
870
872
867
867
875
865
864
868
870
866
859
870
877
862
859
877
889
867
865
876
869
865
865
875
870
865
865
875
869
865
866
871
869
893
853
863
867
870
863
868
871
872
862
873
871
868
862
872
869
867
863
862
880
873
868
874
865
869
868
871
865
873
865
873
865
874
906
872
862
938
853
861
860
872
866
871
863
871
866
870
867
874
869
871
869
875
866
833
881
879
866
873
871
871
861
869
874
872
861
870
873
870
862
869
874
826
861
859
863
868
862
874
868
870
864
871
872
868
859
871
871
871
863
862
878
879
870
877
869
869
863
873
869
872
866
869
870
871
864
866
866
874
866
857
863
871
868
868
869
873
866
871
870
873
863
870
872
863
865
868
873
883
875
871
869
868
867
869
871
867
867
871
868
869
863
873
869
867
917
861
866
861
870
872
866
863
867
878
866
867
867
874
866
867
867
870
847
882
873
871
869
871
862
869
870
868
864
867
869
867
863
872
874
867
833
865
858
859
864
871
866
862
866
873
866
864
863
869
863
866
866
871
819
884
875
869
862
874
861
859
864
875
862
856
862
871
857
859
871
875
861
862
860
866
863
862
869
871
861
867
871
869
861
866
870
867
861
874
853
880
870
868
872
864
856
865
871
867
857
867
875
867
857
866
870
865
859
873
859
860
857
865
872
867
864
863
871
867
863
861
878
870
862
861
872
872
874
870
880
865
857
863
876
869
862
865
879
870
861
865
879
871
859
916
865
857
856
860
876
873
862
865
876
870
861
860
875
869
865
864
878
848
879
868
881
877
862
861
878
873
861
865
883
875
863
861
885
876
858
816
875
867
859
857
884
879
857
859
882
879
858
856
883
874
851
864
879
833
869
873
891
872
861
864
884
876
860
870
884
872
858
869
887
869
859
879
875
863
855
873
883
870
860
869
882
869
859
916
881
873
855
875
881
852
870
885
886
870
855
876
881
868
856
875
883
867
857
875
883
866
859
877
895
858
857
870
880
863
863
871
877
867
861
873
884
868
864
875
881
866
854
884
891
870
859
870
889
861
856
874
887
860
859
873
885
862
867
871
912
850
854
876
881
862
860
877
883
861
866
874
880
862
864
871
883
867
835
883
890
869
863
869
885
868
861
869
882
869
860
871
882
866
864
869
909
865
855
868
879
870
859
869
883
874
859
870
886
869
861
867
883
874
823
883
892
876
860
865
886
874
854
869
888
875
854
871
885
870
853
871
887
866
848
862
883
873
857
869
885
873
858
870
886
873
856
870
891
875
843
874
899
883
851
869
891
874
849
871
893
871
851
874
891
870
852
875
889
897
837
866
887
875
855
874
884
874
852
874
888
877
855
875
891
869
851
862
901
876
853
875
887
871
853
869
887
870
854
872
887
871
858
875
885
892
846
859
883
868
856
866
884
867
852
870
887
867
851
869
892
868
851
836
903
881
852
867
886
866
852
867
889
867
855
869
886
869
853
870
887
946
846
859
880
865
858
868
888
869
858
867
882
871
858
866
884
871
853
827
895
886
858
867
882
873
852
866
886
875
849
867
885
872
850
866
889
872
857
857
879
871
849
870
884
873
846
875
885
870
853
871
887
869
854
869
890
885
856
875
883
875
854
874
882
875
854
871
882
875
852
875
886
879
857
869
879
868
854
875
881
873
852
880
877
873
853
881
879
871
851
878
872
885
861
882
877
874
856
874
876
874
853
880
876
874
853
882
880
872
942
866
870
870
852
884
877
875
854
881
874
871
854
881
877
871
851
882
835
881
864
882
876
873
860
881
875
874
854
878
876
876
856
875
875
869
814
873
866
868
855
874
879
871
876
872
875
875
855
877
881
876
856
877
857
883
867
877
879
871
856
871
877
870
861
879
872
872
859
871
871
872
863
881
861
867
859
877
874
872
861
872
873
875
864
874
872
874
866
871
868
876
874
879
870
876
863
875
870
873
862
871
868
877
857
873
871
876
861
889
863
867
859
871
870
876
864
874
871
873
861
873
873
873
861
878
869
861
879
886
871
871
864
877
867
869
865
879
866
867
865
880
863
872
881
952
851
860
867
877
866
869
864
878
863
869
871
873
863
871
872
877
861
833
886
884
868
873
872
869
869
873
869
872
863
875
870
871
866
874
872
831
865
860
867
871
866
873
874
872
861
877
869
874
863
870
871
873
863
858
881
883
867
877
875
873
861
870
873
874
861
872
870
871
860
873
874
873
869
862
868
868
862
874
878
867
863
878
870
870
865
877
873
868
866
871
871
883
871
878
869
868
867
878
868
871
867
874
868
872
867
875
867
876
911
859
859
871
864
871
872
873
864
870
865
875
861
872
863
872
867
868
847
890
873
878
862
870
864
870
862
873
867
869
865
879
864
867
863
879
859
854
852
873
861
869
863
874
863
868
869
875
859
865
873
876
854
869
825
885
870
873
871
871
859
866
869
870
863
871
868
872
865
871
864
875
854
865
851
872
864
868
863
879
862
864
865
879
863
868
865
877
864
870
857
885
875
877
872
877
866
876
868
872
865
875
870
875
871
873
868
877
868
877
857
871
867
870
872
876
868
872
874
881
867
868
871
877
867
873
865
874
880
879
874
875
866
873
869
875
870
871
871
875
869
871
870
871
870
918
854
868
870
873
865
875
870
868
870
877
867
871
873
879
865
868
869
853
878
876
875
876
869
871
868
875
863
874
871
877
869
868
873
877
867
848
864
864
859
872
869
875
866
871
874
873
861
870
871
876
864
874
870
837
875
882
870
874
867
871
870
873
868
875
867
874
