
225
144
898
65
232
490
404
289
144
13
13
325
40
740
49
673
196
314
196
1489
356
610
356
404
157
5
49
153
353
145
2
706
400
8
170
857
80
157
180
548
81
145
245
544
218
450
1762
32
585
468
661
52
557
1828
397
101
100
218
169
50
45
533
164
545
153
61
197
509
225
13
250
370
169
17
548
1097
340
109
425
82
64
676
617
229
74
1124
461
178
49
485
58
901
689
101
400
625
1285
218
405
125
146
130
89
68
218
5
121
25
1130
72
481
50
482
178
881
25
0
149
485
1325
50
1073
333
25
0
234
170
785
241
125
61
37
13
178
2952
225
17
100
148
17
405
5
585
765
181
778
1525
8
41
256
226
530
585
293
449
221
373
212
80
32
149
73
625
169
250
484
50
613
274
277
386
1385
260
877
164
2
104
36
113
493
200
340
82
73
68
40
369
196
549
185
17
197
109
457
73
233
689
181
340
208
612
49
61
941
185
425
545
144
234
68
529
101
130
265
361
1325
353
40
4
1205
200
596
666
29
10
89
196
548
1381
1332
269
397
169
173
362
136
202
52
369
137
122
41
72
65
144
185
32
25
169
400
17
377
208
25
4
461
117
74
356
365
509
8
65
200
196
122
725
34
941
226
221
1300
400
900
1690
80
200
233
610
90
841
850
362
50
289
554
34
146
144
425
277
13
113
1513
788
41
18
290
629
36
549
520
81
82
61
116
929
772
441
250
13
34
845
785
25
82
100
50
5
146
232
2
85
325
377
493
8
125
37
1184
298
149
490
52
468
85
45
800
1069
52
2
305
298
1010
81
1237
202
290
901
596
160
85
617
629
148
2034
485
346
317
481
148
202
898
706
442
45
377
1525
100
754
746
656
325
305
196
265
421
442
10
365
100
200
845
500
16
320
533
80
49
225
580
361
425
360
200
16
569
325
949
1717
34
116
200
37
666
185
137
2509
313
281
289
200
68
965
194
226
901
81
25
468
181
85
637
58
202
50
137
193
169
149
193
584
370
305
445
370
1193
25
144
612
545
117
386
164
585
225
481
90
101
466
1361
356
200
149
394
365
1157
25
277
144
149
709
1325
20
256
292
130
81
325
949
221
36
73
401
74
85
370
116
505
149
226
8
29
80
296
1160
260
160
164
1098
1493
250
37
202
325
113
685
313
349
656
250
53
117
173
680
365
169
221
401
449
272
241
776
256
113
848
4
65
226
117
244
272
193
196
144
260
545
89
1058
361
605
298
81
68
53
421
100
289
260
769
1192
820
37
596
202
325
281
292
701
500
36
9
261
116
65
436
272
577
1192
293
185
25
905
533
145
290
146
1321
976
296
113
605
1588
1261
164
229
493
125
225
986
628
464
125
260
337
25
325
41
520
1277
173
45
680
104
625
509
85
81
580
362
650
634
29
145
65
40
37
362
233
365
410
178
25
565
328
41
441
145
136
58
37
802
16
73
250
170
125
180
1097
148
340
265
416
464
482
97
40
580
25
1172
5
41
610
740
61
356
65
234
1157
1261
981
389
178
73
229
9
970
1521
16
488
29
1385
145
5
441
146
49
754
362
325
260
277
146
442
685
229
0
724
349
901
25
936
625
122
512
109
289
373
25
260
26
144
125
73
125
117
169
673
392
661
290
32
9
884
320
353
530
365
116
388
829
656
9
178
80
49
85
72
241
289
52
85
26
185
1280
4
9
2
241
466
50
370
17
153
116
229
225
40
233
1088
17
272
40
529
170
164
305
338
929
293
746
109
296
677
296
145
65
5
82
265
261
25
404
5
181
730
337
701
73
25
2
64
160
74
74
425
121
97
49
49
65
452
26
1076
232
325
153
641
106
85
709
16
346
250
221
13
404
1421
277
229
146
137
1
680
601
509
394
122
754
901
533
180
16
1585
445
20
130
585
125
500
146
1460
73
685
34
365
226
80
577
1445
793
61
916
360
52
125
10
925
202
17
221
1306
160
4
305
290
356
170
530
10
125
25
169
1360
4
169
25
481
605
257
109
461
98
328
208
153
936
356
234
290
981
226
260
1066
122
170
218
881
4
466
925
772
1921
605
346
985
325
1853
50
164
194
36
449
450
130
1549
928
680
569
333
157
410
82
808
9
90
317
317
1000
410
425
772
65
610
145
325
17
232
29
500
149
218
445
185
292
841
793
292
340
545
2192
72
170
16
514
281
324
212
85
2313
730
180
74
229
164
1796
65
596
449
148
225
458
221
293
2
29
450
250
81
833
445
74
16
461
130
877
20
85
338
361
1156
466
820
173
370
521
1616
137
145
72
389
197
64
545
788
2
809
157
122
73
256
565
377
113
585
1378
34
977
17
58
34
841
545
457
64
576
221
41
1220
676
538
881
401
292
666
20
97
436
1570
452
1189
1181
81
1156
146
160
2
425
100
612
81
130
25
65
937
580
16
325
466
8
250
1493
100
170
425
490
292
40
101
1753
808
298
32
793
605
306
450
821
193
689
130
157
26
325
305
289
485
1
4
468
1570
97
365
205
650
162
121
853
925
1241
370
676
202
73
97
250
221
218
377
292
125
373
130
169
481
5
242
136
225
170
61
82
400
625
808
340
1217
145
388
685
325
232
100
241
340
4
0
298
313
850
356
584
1201
101
164
265
986
650
178
328
850
325
421
81
181
73
205
485
1060
146
680
90
164
26
181
1802
25
425
296
377
1040
53
529
145
265
233
16
610
514
160
325
45
404
17
272
0
109
356
1025
545
241
181
305
1394
205
484
25
225
81
68
18
317
482
290
85
25
81
185
338
545
82
436
229
289
338
65
436
25
149
169
569
145
116
225
68
162
1165
205
205
136
225
202
160
274
200
533
65
545
29
85
505
281
5
130
1332
1210
1
340
225
25
234
424
365
565
109
617
689
85
97
922
89
89
241
17
5
226
1
1642
89
50
178
116
305
170
153
265
36
421
193
125
360
97
625
306
820
4
493
365
117
720
338
200
436
53
625
160
401
52
250
797
164
1300
121
16
106
346
113
800
226
65
328
89
1825
514
505
233
845
225
13
146
400
277
45
1225
640
1801
1213
244
225
281
180
1000
26
410
629
404
272
1213
325
365
49
648
130
37
680
274
272
1093
226
74
242
281
125
162
200
1040
370
1538
313
74
104
585
82
265
128
340
997
580
61
130
377
370
401
325
450
173
4
648
365
169
333
4
205
362
1124
522
256
212
261
260
549
64
689
225
20
145
8
481
261
500
361
841
397
160
512
725
493
544
113
290
241
144
157
257
436
1025
289
58
305
13
386
100
464
64
16
10
397
169
740
52
810
170
820
205
218
148
121
225
89
185
53
85
776
25
116
10
1753
18
2165
36
170
485
400
1220
185
49
794
50
505
325
1305
225
170
170
125
328
205
125
265
196
80
617
1049
901
29
221
521
157
113
490
18
628
164
89
16
241
32
610
130
810
185
425
193
61
144
85
325
32
20
1069
1114
68
13
394
701
458
98
113
809
325
337
340
613
625
914
225
500
137
232
613
82
265
320
538
4
81
461
424
61
13
68
640
50
130
490
98
425
50
109
149
485
68
233
149
389
85
226
324
170
61
146
52
40
121
25
613
260
180
109
233
338
505
221
386
89
641
256
98
17
45
226
698
289
261
785
116
85
16
1305
144
169
578
306
405
1145
148
234
145
49
1433
65
130
557
164
821
241
65
445
226
185
533
586
269
656
128
145
612
389
40
1044
370
137
250
900
569
20
13
685
20
58
1225
709
289
1381
1025
505
1130
986
26
52
730
122
1181
441
169
10
657
200
360
25
442
657
160
261
325
122
40
169
20
281
905
1066
386
185
233
1373
421
629
520
325
65
169
173
169
466
260
101
148
229
794
370
657
625
549
245
405
845
265
296
137
661
410
477
180
293
73
977
2
122
164
226
5
388
925
72
82
272
234
674
397
1090
81
706
68
212
746
2098
545
225
25
269
925
1044
338
85
890
730
136
628
81
244
845
436
557
146
49
81
754
340
313
389
349
225
925
425
0
180
281
208
244
49
34
722
772
0
128
68
45
16
229
625
65
148
596
5
25
194
954
146
484
193
137
490
225
106
72
52
386
500
720
425
1305
10
441
202
49
740
793
905
290
100
450
130
676
985
353
80
41
425
18
481
45
25
1024
1409
637
257
416
272
625
410
34
845
202
89
980
137
1802
468
85
592
53
13
160
1153
490
72
361
272
5
481
629
36
481
925
569
305
765
610
74
244
205
337
648
450
148
72
772
17
922
397
1241
328
50
72
241
68
125
1
218
144
449
17
73
45
305
289
577
97
90
657
80
104
109
169
269
145
64
148
41
16
173
26
106
260
136
234
706
260
580
221
52
306
293
104
205
272
772
20
233
104
50
325
97
26
90
100
605
53
601
689
410
361
928
250
85
169
512
290
169
113
106
818
113
116
130
404
41
1537
52
313
653
698
50
290
410
113
386
8
257
548
100
200
485
25
169
200
464
208
208
461
914
1201
25
692
173
360
32
5
260
277
1417
1800
617
586
281
409
485
269
338
185
197
122
45
370
25
1061
225
370
890
185
145
221
349
170
40
146
221
221
610
241
130
706
181
909
866
520
5
530
565
296
464
185
482
109
985
545
293
853
296
293
425
338
680
205
937
373
200
68
121
788
52
457
121
1125
265
1224
104
500
292
277
1160
580
468
101
818
293
338
562
4
500
628
72
58
425
416
61
680
130
256
225
580
144
8
493
221
53
25
617
106
980
666
740
890
305
90
100
10
500
178
226
45
149
16
37
1873
16
1700
866
137
505
377
205
170
58
810
20
577
9
18
340
405
346
442
481
58
113
261
244
1321
173
26
37
85
421
113
260
260
584
488
457
317
325
82
73
185
58
200
481
457
306
773
450
232
164
106
648
10
773
145
325
104
137
58
149
1629
226
17
461
34
100
250
1433
113
1789
360
274
922
205
450
29
346
365
2132
605
500
274
405
841
13
340
164
82
173
202
125
18
405
85
10
265
10
296
580
181
50
25
545
425
1225
200
485
85
130
468
34
145
130
452
468
981
778
610
400
436
29
466
625
482
370
985
100
18
41
232
730
45
281
193
20
757
1117
234
436
25
205
148
245
45
361
173
50
197
500
170
377
530
1217
1010
585
61
65
130
208
576
857
144
612
1
72
325
260
340
73
592
1256
64
884
225
325
205
104
52
305
245
50
562
221
1
197
16
578
261
562
130
530
629
797
20
85
101
97
265
169
481
148
457
392
37
4
113
52
50
373
185
293
17
585
81
25
625
288
121
170
40
712
433
90
49
261
650
36
1156
181
25
25
193
370
421
130
593
106
562
125
530
362
392
226
505
337
25
365
98
53
50
10
50
320
25
65
72
145
100
1
157
145
18
145
49
225
225
1773
260
58
356
130
193
221
290
265
122
64
173
490
164
400
265
461
530
4
493
128
421
185
1037
680
49
520
74
754
233
370
488
170
288
317
25
338
1480
461
225
85
229
101
585
1952
113
242
977
1076
1
212
562
1717
290
29
985
41
89
289
25
712
1417
26
25
196
205
125
61
1220
52
81
145
113
5
442
16
197
365
580
325
82
776
225
628
296
425
10
197
225
485
5
10
857
360
793
101
289
49
49
865
25
81
653
250
1109
68
194
64
801
68
361
113
425
818
52
2
1306
485
29
512
610
541
404
58
1152
13
425
857
676
225
746
89
169
185
89
80
884
100
425
25
202
194
884
145
13
29
82
160
441
226
452
10
365
74
193
90
193
936
1322
468
305
1170
338
505
208
305
169
261
433
1637
596
65
80
205
85
1517
25
170
109
4
485
305
324
346
298
65
877
145
377
914
98
242
9
226
148
305
365
5
104
1
1066
130
769
457
100
13
361
74
80
1090
325
218
20
45
85
1586
569
68
986
241
578
85
692
290
313
466
441
29
394
125
290
169
1508
1028
500
305
650
841
49
82
212
145
16
509
106
169
970
580
226
200
389
250
909
628
5
1
292
400
40
565
289
13
125
541
389
17
41
49
685
52
1370
800
689
29
593
1360
533
296
145
289
1025
548
4
1412
181
392
605
1
153
370
500
137
442
116
305
205
64
121
1205
225
265
73
274
170
400
241
106
49
1313
505
125
193
233
58
90
4
89
82
701
16
890
90
794
85
580
193
113
244
389
626
905
221
746
857
193
1233
37
221
370
178
200
181
61
1109
626
488
50
401
650
25
1073
394
29
52
260
424
130
130
1234
157
298
468
125
325
41
149
25
104
449
106
144
49
181
442
116
26
305
265
445
416
52
698
164
1202
433
178
905
225
16
36
205
4
400
1145
50
290
146
178
53
1700
36
72
1202
100
1224
626
725
832
292
145
194
145
445
180
65
709
916
18
193
661
173
193
872
425
565
1469
425
170
1193
657
712
746
64
221
317
493
1
65
962
261
200
100
97
325
162
697
125
1033
701
36
436
52
613
634
73
250
580
261
337
145
360
424
610
89
605
261
261
584
305
16
482
401
1
1
104
482
72
25
65
676
433
200
41
233
370
272
74
16
306
100
149
641
157
356
689
65
85
409
488
290
1453
117
37
424
274
82
416
1108
178
145
5
90
164
170
74
125
226
500
500
40
505
50
625
34
325
802
101
64
1157
170
338
5
137
365
137
197
242
37
445
400
2
18
221
425
20
324
585
169
34
800
845
288
292
85
356
356
289
146
306
290
281
629
34
73
338
2
178
929
148
400
81
829
80
584
241
122
109
25
445
541
794
436
698
468
229
121
20
164
194
377
65
250
37
90
866
202
173
26
40
277
722
8
298
178
424
17
25
245
25
25
218
397
65
9
292
106
130
25
1280
1156
13
169
317
40
97
26
533
0
26
298
181
13
101
61
170
90
538
338
80
450
298
16
544
29
765
325
58
13
164
409
466
1018
585
610
337
369
292
65
241
170
137
738
866
1090
932
81
50
185
484
965
8
50
370
65
90
530
144
661
104
89
52
65
545
576
290
257
257
778
593
125
49
685
1040
866
1301
29
2041
538
149
281
565
13
49
125
848
181
74
281
226
866
232
821
9
1586
29
520
17
369
373
25
554
577
793
1
626
265
1114
485
82
137
130
0
457
365
97
221
841
1013
424
936
144
1616
146
529
170
117
208
85
442
778
68
117
576
400
405
178
80
9
666
586
1201
130
337
445
1
185
1465
725
36
2
505
73
130
353
180
617
45
10
769
25
146
320
73
164
394
490
8
362
130
1
580
20
314
72
221
74
234
292
580
61
104
25
121
116
85
356
461
901
724
650
4
58
1089
500
74
466
901
68
185
916
349
130
562
340
265
32
245
333
373
18
656
305
1517
281
73
261
797
676
360
160
73
200
464
8
232
349
452
485
729
505
125
441
634
160
313
505
290
2045
180
225
36
194
242
466
365
100
100
65
173
65
325
544
466
424
16
449
241
545
100
909
25
121
104
612
225
904
18
884
49
89
225
425
36
773
481
1108
26
625
25
52
200
985
5
541
485
45
18
85
340
260
394
49
180
41
74
37
337
18
169
712
833
13
1044
29
36
360
197
68
265
0
13
122
90
82
233
617
117
617
306
226
1
725
1314
340
500
293
40
128
605
293
865
202
50
904
833
125
457
394
244
272
730
653
442
1802
178
37
505
5
1
65
194
265
541
877
481
170
400
484
9
100
9
565
50
841
9
274
194
424
20
493
482
53
765
2
361
601
136
100
584
353
169
626
850
244
145
53
293
260
73
293
845
569
90
529
1184
1997
81
481
445
125
25
290
20
218
305
185
40
45
1480
101
353
400
5
136
313
17
25
769
1066
505
100
482
370
157
232
1
981
657
185
788
333
164
100
626
720
388
265
205
1
149
441
288
100
277
36
202
245
65
545
185
64
530
530
772
185
4
64
49
626
9
40
545
261
149
761
577
41
10
325
100
289
113
194
106
193
85
202
370
685
80
1521
185
245
365
289
585
0
337
100
449
10
962
1088
200
117
593
45
26
250
281
370
173
625
250
650
1205
122
1313
20
5
194
530
746
113
725
34
725
680
85
298
481
173
500
586
841
477
245
533
1745
925
232
100
181
449
20
109
98
4
1
250
346
648
81
65
320
522
128
569
320
58
17
74
578
785
185
49
81
610
178
697
409
529
949
58
808
9
229
89
541
164
162
229
289
29
569
36
185
772
733
292
5
145
1089
73
425
26
89
353
34
850
85
10
954
784
25
109
389
45
82
457
65
50
800
909
1933
130
809
173
442
488
389
97
109
145
698
520
274
153
29
1156
1061
261
169
442
2
349
221
400
977
226
1021
68
68
170
164
148
200
181
194
233
89
2209
106
388
160
58
61
225
293
730
49
185
144
74
82
85
104
1109
277
64
466
153
226
144
433
290
74
850
685
754
116
733
32
50
260
392
257
68
117
144
1000
468
1252
520
405
29
325
225
514
505
377
1124
4
37
49
576
90
41
229
464
80
290
1277
81
153
829
162
845
113
305
50
401
505
873
884
394
362
106
34
754
5
10
1258
25
346
53
529
130
269
109
185
293
272
290
290
617
650
25
289
394
250
61
34
314
261
226
458
365
388
144
338
533
740
221
232
109
242
452
509
25
233
65
173
100
290
157
145
97
81
765
37
257
196
52
277
81
626
850
121
680
113
740
745
50
433
425
169
436
193
401
689
269
85
232
328
5
493
97
2
245
74
80
2349
801
16
81
180
10
125
578
324
778
65
52
314
89
592
680
3577
101
229
288
680
320
178
305
16
361
10
74
221
17
392
244
85
193
122
809
40
488
320
565
1637
338
8
365
212
145
1600
585
58
16
185
260
477
29
17
20
1445
25
320
122
16
130
146
1073
4
65
405
436
9
145
2
25
13
313
85
20
785
178
53
772
338
576
340
293
90
1
117
5
1184
89
81
400
100
2426
68
37
36
49
74
97
754
377
130
40
144
421
333
29
80
676
548
629
5
821
10
149
25
1025
1009
4
1089
520
65
122
25
89
173
1037
29
58
122
4
100
181
117
146
424
170
64
128
29
85
121
288
389
328
106
101
425
52
117
125
181
265
289
13
73
389
485
1913
49
1
89
137
49
373
125
82
180
340
196
1037
194
26
365
900
125
680
1226
226
160
109
520
80
5
626
89
676
2
884
5
866
58
37
949
745
361
194
685
421
289
136
576
424
296
233
196
841
130
97
53
241
545
565
10
82
512
45
26
232
245
397
709
488
370
101
788
522
89
689
1469
97
29
425
121
778
349
221
953
730
85
656