
261
641
890
962
205
458
160
81
1170
373
25
648
841
1156
394
25
130
18
25
274
305
505
1322
145
197
818
458
845
290
325
41
244
45
97
100
360
136
145
41
289
661
1525
104
250
225
68
324
562
361
685
585
149
328
289
260
325
4
929
377
169
666
1205
317
1460
64
612
458
901
306
52
425
74
1513
130
505
162
405
576
5
145
725
1152
0
466
689
281
445
17
200
25
1476
505
441
164
340
1625
173
2
317
625
170
613
468
362
288
200
2
170
90
169
221
706
953
442
1325
64
185
520
90
181
738
290
68
320
793
1
130
10
52
218
778
484
90
10
1921
628
1225
360
425
85
1469
116
205
89
106
260
145
625
229
269
625
193
1480
90
160
109
260
890
365
64
52
18
1028
1285
89
9
85
74
328
137
65
185
100
584
370
292
40
424
160
18
340
4
1352
320
121
194
1530
61
576
157
229
125
865
676
68
360
1657
53
162
145
245
754
709
436
18
117
317
272
290
125
657
533
522
641
128
1217
288
17
325
1258
5
533
325
169
144
1354
13
65
625
340
53
85
468
173
104
85
113
101
281
325
272
541
117
365
205
1378
277
317
50
250
196
260
218
101
509
325
113
122
578
340
2180
801
109
865
196
505
144
85
225
212
85
265
100
1157
116
65
0
292
505
17
36
40
810
194
1769
269
676
685
226
500
425
100
26
145
65
136
10
289
9
898
450
25
116
81
409
82
233
605
461
68
53
221
605
281
193
170
82
925
85
706
562
36
538
109
89
34
25
281
226
52
452
657
400
377
362
52
325
113
394
8
281
25
404
178
26
64
689
900
980
449
97
194
130
260
965
488
397
234
149
65
580
628
328
442
493
596
626
32
194
725
388
340
145
125
13
250
730
16
549
40
234
4
1930
61
81
452
100
2125
1573
25
289
148
125
373
360
404
233
122
68
505
424
9
225
261
261
20
260
500
37
241
245
185
244
445
281
289
442
488
61
136
530
288
17
193
464
449
346
801
34
580
218
1874
121
365
293
289
544
337
116
388
113
36
1682
49
113
314
41
169
49
148
52
68
365
130
313
117
250
241
85
400
464
549
538
293
64
122
242
421
450
16
1130
36
200
362
788
765
97
610
233
89
130
68
85
745
113
232
333
625
125
314
221
256
80
36
288
360
4
121
64
25
500
346
9
306
522
324
257
1325
746
362
40
305
442
377
306
529
245
845
117
445
41
125
100
1490
50
109
130
234
277
157
194
25
697
130
1405
509
400
260
361
202
53
477
122
5
290
181
317
884
452
17
362
629
1233
689
290
370
244
8
29
149
58
37
325
50
50
144
145
200
1865
500
65
730
149
314
445
80
153
485
425
577
778
629
149
232
61
37
218
324
250
244
193
58
377
625
241
261
53
225
229
482
250
169
324
17
793
640
841
180
244
629
104
136
80
68
65
61
425
146
225
85
0
45
25
173
505
562
1556
74
305
337
1129
148
533
61
625
441
250
61
416
1000
121
445
986
1153
13
509
113
729
170
257
261
738
898
20
130
356
261
640
160
34
320
145
180
1258
1009
53
45
468
136
5
661
221
325
85
113
17
221
674
25
500
290
8
85
1381
34
144
29
338
260
450
461
130
45
1165
562
244
130
117
416
730
445
17
225
104
445
0
484
850
610
488
386
841
401
442
68
221
125
136
905
80
169
481
648
410
89
1170
373
490
169
10
765
1
1
136
218
260
629
1213
481
1332
116
20
10
833
629
377
500
709
164
25
125
673
362
193
125
40
441
146
468
89
197
41
68
32
89
298
97
290
162
314
37
256
269
52
208
241
757
145
17
442
160
676
2
533
218
89
676
170
1037
580
1105
37
232
305
1381
82
725
1044
250
657
356
170
628
485
117
185
650
265
170
17
340
104
225
200
442
610
650
325
90
730
34
145
289
122
157
25
269
565
89
41
153
1
52
746
74
290
901
9
452
1402
80
610
1684
882
1145
200
257
160
130
26
208
170
41
1250
1354
25
388
290
130
20
41
325
320
169
205
65
13
144
545
0
2258
185
785
82
25
4
433
145
425
1429
544
100
13
416
544
50
5
4
1625
149
850
173
113
1361
10
757
457
181
421
185
200
164
2389
785
17
65
225
116
25
296
562
85
232
2
584
338
477
25
173
457
1853
425
169
233
388
193
200
136
256
26
1040
388
793
337
200
245
290
193
148
2642
680
1117
305
121
170
241
740
445
170
325
218
233
689
425
98
1193
290
10
50
41
164
113
445
45
541
1764
986
346
145
130
73
10
265
1250
40
98
1
208
74
802
1097
901
41
464
226
97
45
173
628
97
18
5
234
41
82
922
212
45
109
41
530
656
338
113
1553
274
890
121
153
292
81
1402
121
36
586
626
634
202
916
241
162
226
488
13
601
488
673
65
125
121
50
1189
90
256
370
290
400
34
68
260
538
290
125
170
481
50
170
881
425
10
898
650
980
1600
269
226
200
1025
1
101
1
116
290
544
49
634
9
89
685
689
353
577
592
392
45
1700
361
461
1172
1053
18
565
20
164
289
49
36
298
106
121
52
148
45
52
8
117
466
424
410
1010
196
37
61
0
373
169
692
181
466
1220
26
436
169
1193
333
981
820
1090
725
45
34
640
458
970
1225
754
17
545
340
100
740
521
82
388
269
433
53
5
178
9
848
1040
820
977
520
234
41
65
1181
397
100
925
200
577
121
833
10
0
505
522
514
1378
725
221
405
433
244
493
1
490
36
205
81
697
128
400
229
232
116
194
225
178
773
229
170
122
605
1937
244
2
850
481
349
298
477
706
709
1305
1165
90
697
53
424
234
29
229
145
85
85
45
29
313
117
100
45
929
85
377
9
18
25
137
208
592
565
409
130
225
256
949
557
53
169
170
725
170
45
208
340
260
229
613
565
314
260
265
68
730
50
41
41
328
641
125
130
82
64
61
829
500
149
117
80
100
200
769
538
505
101
241
272
612
212
49
1385
689
260
980
25
98
49
725
433
116
197
116
50
477
160
320
9
1885
106
397
61
612
457
320
685
85
685
709
905
212
205
720
49
289
425
657
592
121
397
29
136
445
365
292
305
169
569
349
65
674
80
81
137
53
450
137
202
229
500
361
212
65
148
340
117
468
101
80
468
754
349
985
305
733
457
709
976
16
929
968
377
720
877
1412
90
1802
73
1
260
424
17
272
720
325
212
361
544
520
121
1453
53
41
1
328
208
425
490
320
109
196
233
949
20
333
136
1098
41
325
274
586
101
576
178
709
221
26
13
226
17
89
530
361
98
1165
442
125
100
461
404
485
794
425
1037
20
100
97
785
233
205
340
80
153
37
218
436
1160
481
157
225
25
674
194
225
520
145
137
130
425
666
226
225
596
533
164
1233
325
113
314
288
234
170
424
121
45
229
530
18
925
360
34
445
640
145
34
41
365
577
25
882
229
36
410
1021
765
80
53
68
185
170
320
265
533
81
205
82
85
85
797
340
157
226
10
50
178
250
9
181
500
13
2
757
121
292
50
610
445
85
160
130
701
64
113
637
586
74
265
362
218
900
640
137
193
1089
20
629
170
578
160
397
697
13
64
68
244
5
314
397
80
260
829
104
0
197
250
41
225
493
218
29
601
121
245
80
1237
170
64
772
292
810
656
170
205
349
977
1370
73
612
306
125
725
68
433
73
281
130
162
578
36
53
593
452
241
25
1189
928
226
361
394
370
514
905
850
410
629
386
136
100
1186
100
650
1017
185
409
137
45
225
130
689
680
290
261
212
212
452
244
241
565
153
1009
449
898
360
13
441
905
181
493
857
424
13
545
9
1130
325
656
388
144
145
256
821
101
36
4
146
197
130
169
800
650
1773
617
857
269
146
404
545
68
29
234
500
4
1229
116
226
52
281
298
865
98
657
461
97
17
317
313
97
153
34
97
865
58
488
90
289
293
153
441
65
200
9
29
50
89
225
61
193
256
29
50
82
970
148
98
109
121
545
74
320
724
197
725
2
89
100
353
185
433
481
29
650
493
25
577
680
5
116
1
53
40
1706
400
548
232
481
1025
1241
964
1325
272
1556
109
850
205
290
65
52
25
34
522
137
85
457
145
865
650
365
962
5
194
314
74
1154
136
290
866
1181
977
85
596
637
340
68
545
197
225
338
104
754
485
73
1
1764
81
180
136
346
373
674
74
1186
125
85
40
328
73
337
1737
333
193
36
36
226
324
2
82
386
424
106
373
548
388
9
457
369
884
137
16
16
481
65
58
274
244
340
400
109
346
72
981
389
37
226
985
85
1
442
394
461
324
200
377
493
130
260
197
353
397
125
178
261
146
226
425
4
65
17
578
245
58
100
145
866
221
485
269
442
269
269
277
117
52
356
197
50
794
441
370
256
377
202
8
274
1040
340
100
113
1220
1570
20
1234
65
130
1096
225
269
746
313
153
629
666
533
585
100
68
34
160
1369
208
157
137
900
314
45
809
520
16
58
18
361
533
773
52
261
361
121
226
82
370
425
433
565
221
333
757
514
13
74
650
193
5
40
233
493
208
157
41
29
769
325
265
400
333
346
628
225
1274
2116
1445
109
2120
340
160
346
1
274
450
17
725
205
488
425
1385
125
137
9
241
586
458
10
49
1268
529
544
260
388
104
180
205
53
73
628
725
10
181
205
274
298
785
1000
225
98
196
500
82
13
377
738
725
533
265
788
725
81
320
481
353
245
61
130
65
205
100
194
333
265
296
569
325
13
416
113
50
52
53
801
288
452
74
169
361
410
433
778
464
90
169
725
50
65
194
1009
586
298
292
388
416
466
100
64
338
272
288
905
212
328
225
53
272
1165
505
925
306
29
333
100
109
148
25
592
149
193
441
82
260
202
100
289
245
74
394
233
153
397
541
1088
185
90
1297
320
40
61
293
13
1530
818
452
290
578
52
1421
577
274
8
738
325
116
841
250
148
1565
137
533
25
794
149
232
29
746
450
20
1332
1076
205
25
200
73
288
529
416
653
117
529
68
1082
104
144
25
125
289
1493
900
593
4
320
250
569
85
250
170
784
250
101
313
648
466
1013
146
81
125
58
269
157
164
100
25
160
241
909
205
170
85
74
104
173
436
641
5
629
1828
769
109
365
1061
10
17
200
709
45
104
169
196
61
50
338
149
104
2
314
74
100
290
520
356
369
290
369
578
37
617
845
85
661
324
745
90
370
794
884
181
205
52
97
82
80
557
130
200
109
1145
157
170
122
100
32
109
533
909
250
157
530
657
250
1
25
136
221
221
122
9
100
445
221
101
61
1156
17
901
9
701
324
185
34
170
37
1066
196
730
90
2
130
200
256
929
962
250
205
5
1381
170
340
200
650
441
74
738
562
5
37
145
293
49
229
81
205
72
1090
144
109
200
388
1130
436
221
346
370
289
1
1741
197
65
181
1098
97
328
788
64
202
226
541
697
89
37
485
145
578
785
730
0
169
697
340
468
65
45
89
197
1525
85
986
34
50
185
900
80
9
82
261
25
137
365
41
16
281
16
20
520
205
533
482
416
373
157
976
441
100
394
117
109
841
34
521
173
521
325
100
505
82
58
397
605
845
65
125
1109
397
829
722
765
40
256
90
481
5
850
845
425
529
146
185
745
68
961
277
61
365
538
340
89
340
360
650
626
65
340
370
145
365
45
72
1297
58
1225
200
1649
130
25
17
360
97
722
29
2276
173
50
712
218
17
106
245
34
338
232
25
89
325
180
281
81
65
18
289
16
170
125
377
130
169
194
1492
221
313
9
292
9
16
1769
64
601
50
26
244
218
80
697
16
45
58
17
370
338
85
1396
9
274
157
80
26
125
293
493
17
490
745
533
1313
346
117
544
1024
725
173
484
34
181
97
290
121
833
641
205
82
16
37
89
193
50
25
13
392
578
325
100
148
80
197
925
445
1010
169
197
661
626
53
461
305
388
97
148
328
288
37
2106
73
676
360
901
260
117
305
65
369
85
400
436
125
146
65
5
386
32
17
17
181
144
196
89
490
520
442
1930
628
221
298
362
100
610
89
260
197
809
234
65
576
64
125
170
353
692
81
549
100
585
576
640
613
144
468
229
425
125
442
58
104
369
157
185
493
324
29
1130
929
680
850
629
218
64
146
400
522
450
578
233
689
932
73
85
170
180
653
157
10
373
272
1160
328
34
449
32
49
1873
260
58
289
482
820
522
250
164
13
340
962
121
82
58
676
82
333
877
196
73
197
533
493
324
625
613
25
673
1525
72
153
709
488
121
916
234
337
37
45
221
313
145
965
970
212
218
257
90
872
317
290
169
41
149
340
58
80
208
314
724
433
625
73
452
149
544
320
65
29
1341
394
81
397
338
292
1585
265
425
100
128
612
281
36
200
221
485
657
196
128
18
125
170
244
41
169
221
680
250
173
200
905
64
784
109
122
850
68
340
205
50
314
218
1076
5
277
265
53
106
49
106
104
9
985
505
100
32
1
233
196
317
445
685
788
904
2
733
1460
17
314
17
234
293
290
173
52
40
900
146
461
578
697
173
100
74
17
80
1108
130
241
362
205
353
709
373
104
65
250
340
117
180
257
212
425
725
5
442
369
314
445
241
244
26
289
346
82
170
584
1808
584
26
20
689
8
818
225
500
26
936
425
170
260
13
5
125
65
225
64
16
1352
148
346
404
37
85
181
1156
85
625
340
173
121
305
873
61
565
149
250
485
265
100
40
400
2
145
612
405
580
232
146
468
205
145
509
521
724
265
49
349
433
36
200
208
226
100
234
233
97
1145
977
225
477
82
325
197
149
424
144
585
65
1
37
1
1109
148
20
389
488
194
145
25
106
73
314
97
362
245
317
325
725
1109
401
269
234
386
305
794
389
424
244
405
541
136
452
61
89
37
26
873
261
81
148
2000
65
1117
628
194
5
265
196
1156
410
353
676
90
1025
106
250
89
89
178
74
1636
392
877
793
25
122
17
697
697
425
13
9
629
820
514
185
985
221
125
666
81
233
160
500
162
269
100
162
185
325
925
784
522
18
484
689
181
776
970
50
194
49
212
157
100
170
5
1297
52
853
106
221
13
25
65
725
261
1394
29
73
388
289
104
650
452
130
1
580
1184
170
81
2
925
50
277
680
130
80
820
58
49
193
605
274
137
153
81
1
425
377
193
1341
169
13
148
9
153
36
218
65
0
449
522
130
225
424
173
628
17
34
90
1082
13
185
185
725
289
484
25
153
82
205
32
409
130
17
32
997
673
1049
170
205
116
241
245
250
149
109
13
586
144
122
293
104
90
449
232
157
256
289
481
890
202
265
185
208
450
457
40
272
170
369
360
445
305
1525
298
1525
461
445
850
485
361
490
58
877
169
72
25
20
370
425
49
890
40
328
325
292
53
20
485
1053
5
265
293
585
164
180
74
122
1348
65
442
52
962
545
68
464
17
61
225
221
81
548
505
197
117
353
8
25
81
74
200
650
45
5
229
290
81
2164
738
52
2169
452
90
149
577
290
25
121
25
593
290
1521
333
90
130
416
202
250
170
85
484
194
685
50
117
18
1297
533
328
25
442
130
612
25
116
1
450
20
41
314
340
793
73
1076
397
260
565
157
250
1444
160
113
1300
333
392
10
122
325
205
349
18
545
325
130
146
241
40
113
500
16
340
221
424
16
289
137
361
500
97
212
650
65
877
97
185
778
292
25
1525
410
58
26
964
725
205
1025
1525
1465
4
26
260
274
170
130
1
226
265
145
50
226
90
25
410
1061
17
137
725
377
3897
349
41
200
677
234
153
113
541
257
458
436
1117
245
25
4
157
725
466
729
225
493
26
101
64
185
100
333
0
4
346
1009
109
530
17
125
233
757
1565
208
1082
261
493
125
288
65
1936
333
306
18
185
596
148
577
34
49
500
145
361
169
146
882
629
389
61
709
34
49
181
1066
45
205
128
1609
4
169
1040
421
34
580
145
425
25
545
680
72
290
125
121
397
520
90
137
185
260
425
1145
2000
1717
340
65
41
221
2
58
346
628
225
349
493
544
1189
136
65
377
410
452
650
58
34
1
288
340
40
226
289
36
81
10
592
109
144
305
394
0
954
196
29
261
281
221
325
122
338
458
281
218
845
65
397
90
74
306
121
505
157
377
656
1090
169
41
13
144
290
277
333
1300
37
421
565
521
256
164
34
724
74
274
477
85
482
40
328
522
544
653
130
29
424
148
64
466
1
288
900
484
449
29
673
212
269
121
650
160
410
25
674
234
356
370
269
13
181
349
13
965
554
257
106
65
85
130
481
1130
605
265
85
578
64
85
457
450
41
493
349
410
137
10
530
36
1160
801
257
157
637
98
1073
289
65
377
53
260
442
578
2
85
9
52
144
25
68
245
370
153
554
848
89
821
845
65
9
541
290
162
405
68
5
37
289
1090
400
233
100
244
877
520
153
580
196
461
4
554
965
16
640
521
9
612
144
100
1394
416
450
85
976
261
757
261
149
10
125
689
628
530
1274
346
325
89
656
16
949
337
65
36
145
145
181
10
765
1517
34
45
730
857
153
452
10
481
400
49
706
26
17
194
1274
337
562
34
61
221
196
89
328
29
538
421
218
629
197
45
410
146
173
244
137
196
481
773
845
313
157
100
116
898
761
225
162
80
144
212
40
181
628
113
554
269
40
400
65
82
425
125
493
421
100
360
386
5
49
337
388
522
442
521
9
409
146
1261
761
81
4
34
265
68
170
25
325
450
26
5
265
202
73
725
1025
117
360
100
265
18
257
360
377
296
1413
41
170
290
509
449
100
90
466
197
40
953
277
90
97
221
101
416
74
673
130
226
405
1460
457
425
164
226
1
205
17
1096
277
325
522
17
365
520
40
145
1937
116
580
901
373
180
757
557
313
52
377
40
0
468
625
26
484
1225
153
146
269
650
488
74
169
449
698
25
313
68
362
221
260
362
1021
113
514
405
58
2
1028
820
325
212
49
29
333
170
584
401
68
25
377
313
706
20
169
148
361
85
325
450
490
81
25
1021
137
61
386
5
16
365
100
425
441
356
677
49
164
200
61
205
74
194
50
290
461
52
317
109
17
1025
338
505
272
289
386
109
269
689
577
850
314
225
293
29
584
421
178
1125
36
58
680
712
169
625
554
433
314
1621
121
392
365
82
125
314
720
1138
544
613
386
821
180
802
965
212
164
596
178
964
50
1037
530
810
1241
481
325
482
242
100
436
401
40
121
936
20
85
34
10
153
128
554
100
970
937
25
245
452
689
1
365
49
1160
125
65
500
34
26
200
16
720
233
949
769
234
221
200
576
785
325
900
509
241
160
738
130
40
442
493
617
481
765
481
185
754
400
549
697
442
40
72
386
106
416
452
1
585
225
178
2260
657
113
121
461
9
170
533
144
200
338
81
1060
320
194
629
53
98
585
113
130
73
50
81
116
377
109
562
32
629
373
100
25
45
557
180
178
4
122
689
314
36
281
305
905
232
45
68
370
116
277
905
20
130
49
74
962
461
1000
145
80
170
25
200
661
250
932
629
65
122
890
205
17
274
970
164
225
389
338
109
178
401
157
725
1013
8
178
500
900
49
13
229
244
181
250
793
25
53
10
244
9
116
416
225
160
109
64
634
25
441
125
725
452
212
884
72
36
49
277
349
121
45
178
29
509
109
520
905
117
605
1
1305
298
450
4
65
128
361
170
45
193
929
677
153
533
464
289
25
104
325
26
754
65
82
313
585
37
52
200
130
36
197
293
778
41
36
146
149
10
484
677
325
205
58
25
313
52
353
32
317
337
20
493
290
433
250
225
65
73
65
153
730
225
226
16
37
410
281
578
442
193
409
41
441
981
401
64
197
53
505
346
145
841
1717
676
128
505
433
538
169
554
89
89
90
905
265
458
1961
200
106
90
405
160
401
180
61
9
80
1105
37
485
433
160
241
4
49
493
170
181
116
289
37
2
197
89
776
130
389
362
20
200
425
637
52
410
121
410
277
25
346
58
146
146
1157
29
1033
293
325
377
305
466
1513
1
485
145
1044
36
106
706
225
49
386
98
1856
733
226
641
197
32
1
100
333
576
676
922
13
261
61
256
289
234
196
170
265
26
293
81
325
85
122
1313
349
0
130
205
173
125
64
265
58
337
1
45
1280
104
149
313
20
149
29
25
89
85
185
288
136
74
82
64
449
106
185
1093
130
122
149
277
65
225
265
320
73
256
101
458
797
97
848
1090
349
8
181
245
445
68
740
324
281
36
157
178
116
256
85
745
337
548
34
481
193
520
1105
122
937
1124
25
529
90
450
45
256
208
625
325
421
5
153
100
445
16
482
68
130
1105
765
85
61
45
194
442
146
29
485
164
144
450
130
360
370
416
277
148
32
493
410
585
205
32
145
37
410
314
724
49
25
394
442
289
148
293
125
776
170
916
356
13
530
137
50
1061
85
4
89
0
277
850
80
149
425
269
1024
234
610
585
106
85
260
521
424
961
468
290
404
746
173
404
733
98
82
2393
73
410
613
144
265
208
9
117
113
81
281
85
45
377
442
2164
205
68
548
50
848
865
160
593
697
221
1145
149
580
985
212
605
650
245
197
916
100
196
260
52
1040
74
37
293
157
64
148
128
421
100
17
4
97
349
40
305
370
181
1105
1028
169
53
361
457
1025
53
130
148
125
244
145
1040
980
25
293
137
52
610
529
450
962
113
185
306
241
261
461
58
377
169
274
1517
45
25
365
458
81
1040
72
170
226
733
905
144
41
20
29
218
90
205
49
586
485
116
873
85
340
605
144
20
104
162
197
545
130
389
648
125
53
610
340
10
400
565
89
170
245
269
4
257
245
100
340
125
162
680
9
10
37
2257
333
145
50
181
485
1105
1
269
144
130
941
370
373
832
36
145
34
100
73
200
89
313
197
325
65
160
1009
153
488
530
410
164
340
13
50
1
65
65
137
205
697
450
740
85
212
272
146
218
292
569
400
1040
484
170
25
650
514
349
16
1181
58
306
41
242
650
234
40
637
257
289
52
797
441
729
122
4
529
576
13
49
505
225
365
818
117
234
922
650
137
16
85
65
853
197
269
136
116
205
149
320
745
5
36
125
153
261
29
296
136
116
260
148
170
5
1
149
73
169
320
229
170
477
397
481
61
433
89
1
74
338
130
593
25
106
106
545
565
405
25
173
197
61
160
225
100
905
34
242
538
218
41
26
85
109
1625
1193
244
557
353
2
65
421
90
778
169
281
900
404
250
100
725
289
74
212
37
170
45
73
466
100
490
149
306
289
5
612
121
20
80
625
733
773
493
146
754
185
97
389
218
562
477
481
104
130
338
90
1037
477
2122
1764
194
557
377
500
101
821
58
745
289
1445
377
221
530
640
832
533
17
1312
0
577
1413
338
232
1145
205
1105
145
565
117
145
725
74
125
9
949
5
85
520
776
293
349
388
116
41
169
37
0
52
65
37
576
325
265
1210
185
58
4
464
229
148
648
320
585
617
493
49
976
353
490
585
365
533
377
68
272
45
25
250
296
41
265
185
45
333
389
100
85
148
245
356
145
757
170
50
464
36
225
274
349
1073
16
85
109
461
52
580
872
109
242
520
545
1360
1832
74
200
226
900
130
970
388
82
137
2
250
85
41
80
1274
1125
601
1348
306
153
340
832
802
82
185
233
200
365
640
761
520
136
25
113
405
481
144
178
20
857
65
122
106
100
73
481
405
277
45
277
68
578
37
441
580
122
288
484
208
725
72
109
90
306
221
433
81
50
954
136
425
397
226
9
481
765
370
865
125
292
98
488
85
40
169
400
661
85
68
181
125
100
212
410
1024
32
85
130
233
34
565
436
410
997
306
205
100
697
314
36
32
200
29
193
410
1042
125
832
169
397
61
10
457
353
370
277
650
90
296
698
61
370
458
293
32
514
320
1033
109
17
1732
442
113
585
298
949
450
26
104
100
50
218
61
416
125
122
488
325
97
761
458
369
80
369
565
722
34
701
452
64
164
290
13
461
148
932
290
13
797
584
34
85
689
157
29
146
274
529
325
1109
81
1017
306
40
241
850
25
61
509
32
596
34
773
64
145
170
593
333
416
548
557
53
392
289
425
925
200
229
101
169
109
100
178
4
793
185
221
461
1258
9
676
169
1168
194
81
241
202