
218
617
45
185
26
10
290
720
74
853
40
242
397
101
205
610
128
1042
697
493
125
232
98
100
29
410
25
1802
244
72
169
74
576
244
10
625
676
113
25
410
442
178
505
85
145
629
32
40
85
401
544
5
9
100
617
592
545
250
925
25
137
1466
1325
482
290
145
529
100
193
1282
281
549
5
488
745
16
369
260
130
130
500
872
260
234
245
90
160
292
225
13
746
64
554
197
481
937
365
740
233
64
160
50
40
296
241
610
337
185
200
200
85
1082
194
145
90
1089
349
17
173
100
1105
674
772
136
545
148
1125
625
730
26
625
41
605
25
1
898
194
20
234
484
369
545
442
1025
73
65
592
17
245
37
26
125
148
244
250
58
178
185
257
1025
226
1850
1537
452
500
1789
289
17
130
405
136
1865
100
1697
328
1346
985
229
272
634
820
484
410
80
765
40
370
409
25
16
74
650
314
1153
464
136
72
360
277
424
353
772
377
850
128
85
101
226
1453
50
325
90
128
441
914
97
130
740
360
81
25
170
314
666
745
346
81
148
205
250
101
173
442
10
370
338
5
626
601
545
394
629
101
320
117
772
80
925
274
500
61
337
1037
68
725
82
761
34
37
244
41
1156
65
212
73
520
369
325
104
74
74
229
85
585
442
89
1249
941
977
314
533
117
8
457
1445
221
148
593
313
202
116
404
169
170
81
634
488
389
178
337
137
130
205
554
493
281
769
738
8
125
325
80
36
68
592
137
58
148
685
68
269
50
109
125
117
433
884
325
1465
49
925
200
281
565
194
533
1234
890
5
1314
125
641
450
178
45
37
101
137
32
41
265
125
461
424
520
49
245
17
85
130
274
52
730
1013
353
68
680
9
74
100
898
178
169
325
170
250
100
100
325
64
13
265
425
113
808
221
241
193
625
53
313
170
245
610
305
292
212
180
289
586
466
442
404
740
40
242
125
4
20
4
785
554
706
1153
925
101
346
369
26
98
386
353
362
442
290
37
32
16
449
241
50
10
1714
104
514
9
637
208
100
136
244
305
40
405
50
405
765
292
317
557
293
785
2
125
305
200
202
290
9
106
58
221
137
922
1234
153
1636
2
362
200
50
32
292
121
49
8
185
32
32
274
16
468
202
346
386
58
514
481
13
160
985
425
464
661
397
61
218
0
73
625
512
100
100
194
576
674
485
292
261
221
61
545
49
25
477
25
178
317
610
797
325
689
17
73
257
484
180
85
377
256
197
405
90
730
445
954
1130
229
592
40
2320
296
65
40
241
10
530
898
65
400
122
82
29
18
265
197
677
229
29
2377
221
65
196
250
320
106
436
50
557
20
13
130
2285
49
772
296
4
634
925
244
1476
1237
233
58
250
81
2026
116
256
29
530
49
65
245
394
13
709
328
205
545
101
349
324
130
37
314
265
325
178
677
400
488
205
450
50
445
373
113
425
148
72
144
1
229
265
50
338
13
225
26
185
320
4
125
41
185
745
1042
730
850
29
145
410
242
445
488
514
185
674
49
340
845
1
409
674
193
2205
34
34
18
25
394
648
832
424
346
565
549
65
34
612
50
500
325
698
173
101
457
325
4
64
441
4
4
146
29
1013
1
482
116
425
1970
441
113
377
4
41
196
500
1073
234
538
445
25
36
218
74
25
202
365
392
45
333
680
10
50
349
452
100
425
25
149
1
625
125
125
169
36
229
26
346
40
100
173
9
365
317
425
544
409
116
58
981
361
116
17
400
449
373
545
257
50
196
676
676
125
146
337
90
738
225
256
290
265
680
221
18
4
569
305
64
424
488
170
104
365
5
194
850
89
720
0
68
289
241
401
148
260
388
986
122
441
218
5
144
101
137
746
245
776
337
180
617
125
493
29
397
250
313
58
797
106
25
298
458
122
884
52
689
769
100
650
325
8
194
113
596
169
784
349
520
225
370
305
170
725
409
404
313
650
1165
74
137
181
410
365
585
157
25
673
397
185
305
436
706
1040
514
100
641
500
962
901
90
0
200
424
1168
208
324
100
293
85
97
392
81
925
346
58
365
386
281
53
205
41
25
680
452
500
20
25
121
569
49
802
65
45
250
1025
298
533
50
5
185
305
1156
1306
314
212
232
20
245
170
65
221
701
328
256
405
41
905
226
325
37
205
5
1181
360
29
162
200
50
442
169
404
521
505
653
1165
592
400
9
882
461
25
361
162
916
409
65
36
104
442
181
32
377
333
13
425
562
1058
113
25
113
25
337
586
125
389
369
529
522
245
109
234
145
585
397
106
58
205
245
452
25
400
576
25
1
16
157
205
788
106
148
293
125
97
5
5
1469
409
61
328
180
250
90
82
925
640
218
20
1853
290
116
178
653
404
464
1377
976
250
109
196
746
577
162
305
145
68
25
185
25
16
212
145
369
45
90
32
9
1413
113
196
20
85
850
1285
122
445
100
1093
484
85
90
605
424
356
1130
221
377
265
514
909
208
365
1409
205
50
8
104
290
149
73
442
676
41
661
353
13
338
178
1053
720
850
122
277
197
64
26
5
169
37
49
82
170
709
881
212
298
317
58
80
1000
400
793
169
169
324
20
365
458
16
181
89
394
530
61
212
122
81
50
296
1114
968
629
116
241
613
34
200
484
305
296
1060
1700
296
9
117
200
845
130
9
576
288
80
146
845
13
221
232
65
522
260
61
386
1154
738
145
298
578
265
208
106
873
144
884
169
250
290
916
117
261
1252
16
45
580
200
197
85
809
370
360
41
90
153
97
72
85
185
137
185
650
800
288
97
180
29
117
738
100
1552
562
25
634
272
829
421
818
205
181
137
657
765
225
314
16
577
229
242
16
277
221
180
13
106
530
484
250
170
640
313
353
50
100
200
685
197
562
130
257
82
145
13
148
136
153
772
436
200
338
202
584
340
205
80
404
49
229
225
5
272
954
68
52
68
36
314
685
260
52
116
754
1602
90
85
5
625
477
221
356
101
29
80
80
628
1042
441
98
1
1373
1040
100
18
49
293
17
25
26
317
148
493
360
1217
592
29
106
5
425
25
349
845
325
122
340
584
97
149
909
338
1013
53
85
625
445
122
157
34
74
324
353
65
388
340
445
25
565
625
180
277
916
194
361
113
122
1153
410
293
925
145
221
900
85
41
650
97
226
269
596
65
80
160
10
32
244
709
320
101
1193
32
121
720
61
173
181
212
793
317
452
4
289
218
149
740
242
64
1040
377
145
85
0
162
522
370
365
125
1445
481
125
106
125
505
340
8
656
388
52
26
58
577
634
170
74
145
205
180
740
416
369
416
392
136
5
106
125
400
160
61
229
845
85
80
20
557
1285
82
125
296
212
130
389
181
724
2
36
25
90
137
544
1301
153
449
296
557
1060
269
8
360
857
964
98
153
905
164
554
637
169
29
628
17
410
162
346
153
424
45
32
52
149
145
144
386
424
421
576
20
10
452
196
169
18
585
256
74
1618
181
29
65
250
157
74
873
226
613
52
225
74
260
145
640
130
221
4
394
37
101
980
125
298
101
901
425
832
729
365
250
180
202
25
386
401
100
85
37
36
89
549
362
18
74
890
122
2610
85
37
68
626
16
260
325
409
169
208
557
121
185
212
290
173
317
58
740
64
125
68
196
98
673
724
848
820
144
185
333
565
845
520
185
1280
1305
481
388
493
1
450
1885
65
464
1049
1250
117
260
337
61
85
58
333
58
356
425
505
745
404
53
53
640
325
1145
16
4
13
16
13
485
81
325
104
218
724
170
61
290
82
245
361
277
361
738
416
416
244
13
196
193
130
65
328
148
601
185
370
261
68
925
325
325
625
144
676
226
1
985
34
585
82
404
49
410
160
50
16
1325
1289
16
52
425
89
325
64
101
13
468
521
89
85
72
169
841
65
1
293
845
576
353
148
593
360
293
464
433
338
325
178
61
100
610
277
1385
389
324
49
841
637
260
41
509
797
200
842
281
10
125
29
1300
392
592
529
233
225
205
373
765
421
634
68
680
730
346
818
130
148
100
205
349
170
305
328
305
522
5
365
676
386
58
361
130
193
544
1130
18
160
676
29
657
97
410
53
197
226
164
272
113
20
433
269
1325
452
81
169
185
113
85
104
25
949
333
338
1345
377
113
109
61
793
225
1636
626
146
20
106
241
73
1044
349
250
1300
181
13
685
328
16
593
34
928
617
697
373
185
169
746
436
181
205
937
197
464
370
121
90
205
338
65
680
50
2
757
85
180
884
1025
1261
1073
1261
136
377
784
1460
148
125
256
121
196
293
137
289
232
52
289
914
937
625
32
85
58
657
346
250
288
738
578
925
225
180
338
106
296
757
1296
625
1508
153
1
1465
25
298
1345
905
394
610
1025
225
73
125
181
20
361
325
1044
360
194
50
202
522
100
34
313
130
26
800
85
85
41
389
754
64
1124
1730
20
313
37
692
544
520
272
25
10
109
288
936
962
1226
565
20
265
370
725
25
324
305
338
25
25
20
81
36
866
196
305
101
985
74
421
578
149
36
245
900
325
914
520
50
149
650
1312
229
34
296
360
80
136
225
200
100
464
53
697
256
680
1088
562
296
17
1
137
90
1586
36
629
809
610
509
725
65
130
185
325
289
4
197
89
101
584
313
520
169
106
794
180
929
5
37
538
10
1157
90
738
410
801
377
85
49
52
520
832
754
936
130
306
256
149
212
34
425
34
20
117
1061
761
530
338
298
365
81
629
81
125
205
505
250
457
377
584
328
725
148
1373
1025
1000
4
401
128
82
1557
13
181
509
565
425
104
100
82
218
53
61
49
441
50
485
400
1108
122
1010
361
338
20
1165
173
25
425
196
424
137
180
100
442
17
170
845
16
136
441
90
1205
100
954
1165
45
709
202
265
180
17
464
346
442
205
689
320
122
730
37
277
722
229
482
9
61
2
925
400
320
521
225
592
1818
97
458
52
34
40
64
1021
20
2
36
245
100
293
256
205
113
458
128
505
193
13
365
13
125
250
877
565
137
5
130
26
113
81
50
65
250
130
221
130
121
260
225
58
401
218
169
425
1073
52
1928
2330
144
346
25
377
754
58
146
1445
185
442
281
80
250
82
530
80
325
362
193
90
356
569
145
346
50
61
650
685
261
1105
68
36
298
101
185
68
29
113
130
169
113
314
229
221
185
369
34
509
452
144
586
409
34
388
365
261
117
221
97
58
58
548
410
136
98
245
20
325
485
49
26
100
82
100
0
397
292
272
205
164
306
388
13
257
136
905
125
305
1021
20
389
389
250
25
1205
909
85
244
100
117
170
1066
64
250
576
306
164
109
200
221
41
1010
274
157
100
197
685
362
170
290
52
26
169
136
173
356
657
610
81
493
578
1237
585
362
1097
58
1384
4
333
244
32
584
520
545
68
530
265
1192
481
457
333
370
450
1
68
1241
538
40
409
148
164
314
340
205
225
640
1508
25
170
392
20
29
208
116
1205
314
146
260
425
349
170
149
50
41
666
1165
136
320
386
425
328
676
629
394
85
397
272
196
226
548
261
58
441
149
197
512
25
1325
144
882
373
592
242
482
320
2516
58
100
801
349
905
29
500
740
626
50
925
337
328
850
325
980
58
765
85
233
468
1157
17
1369
20
49
74
37
181
369
45
5
529
626
873
1544
74
365
121
500
709
10
157
145
522
130
313
592
288
185
482
404
10
80
36
898
185
293
436
457
205
397
178
241
365
436
0
170
61
1
4
82
73
997
656
457
128
689
485
106
37
36
169
610
173
162
121
32
493
1154
673
442
37
74
306
144
82
400
701
389
85
265
117
873
148
640
49
650
146
481
34
185
58
277
405
425
577
4
500
833
685
2704
200
362
234
58
4
117
400
377
605
386
121
89
53
493
293
370
584
401
260
1018
404
925
85
82
298
53
36
397
349
50
196
85
468
577
441
178
676
377
928
288
53
29
65
65
641
136
233
1525
466
433
100
153
153
218
754
4
85
484
697
29
25
962
450
629
173
225
320
490
128
113
997
370
202
229
370
212
81
250
545
26
256
125
36
164
26
145
85
601
388
144
25
100
104
593
1109
394
72
122
533
290
64
144
169
34
90
373
181
1384
369
1700
548
65
169
394
2
404
250
49
85
1268
296
2169
533
674
533
125
592
50
313
58
65
65
293
436
234
137
269
941
730
36
85
452
818
193
202
45
45
338
137
346
232
242
365
104
265
136
425
25
873
333
130
130
530
205
241
580
514
146
866
962
181
340
164
461
41
80
65
680
338
257
986
136
205
116
424
212
2
41
317
65
769
9
90
13
72
617
65
388
104
416
10
314
953
100
18
261
117
676
145
193
853
797
325
74
261
40
218
65
225
61
520
554
436
676
85
16
53
169
25
116
765
221
85
397
250
337
356
370
98
610
261
2153
289
601
625
353
49
512
392
122
40
317
404
1189
746
250
9
109
388
740
610
49
436
90
290
1066
689
674
320
178
146
666
256
793
306
218
250
45
241
169
208
25
464
145
160
533
436
1073
122
221
117
1066
485
578
34
122
73
2
29
85
937
541
493
234
130
648
261
194
468
505
100
65
25
29
26
101
377
281
400
193
337
250
18
104
1557
269
2
26
1225
970
338
724
65
1225
514
274
650
61
20
104
65
52
130
146
37
229
2161
1201
289
18
169
41
0
1993
101
601
73
1024
305
1010
505
305
730
125
397
170
313
53
205
50
81
45
353
365
61
197
765
725
425
9
562
305
290
117
10
289
34
58
1066
545
877
221
25
25
202
17
433
40
281
541
314
145
9
101
225
153
493
200
80
121
369
200
937
212
200
605
122
185
241
208
80
229
890
1873
533
738
160
197
305
529
72
212
180
1090
580
73
317
388
1258
340
82
125
61
36
53
260
289
442
29
900
1418
136
325
488
578
8
260
97
122
52
208
68
277
49
260
485
493
261
261
293
452
185
977
961
53
52
397
58
436
488
9
625
1090
74
400
90
5
128
64
477
52
306
153
109
1377
485
328
401
514
232
648
549
61
890
845
785
305
305
52
73
277
104
778
640
202
288
65
9
116
196
85
52
13
818
674
628
82
1025
137
85
452
340
1037
53
661
34
122
1513
905
157
160
458
325
136
8
185
709
445
485
74
58
1394
178
8
522
65
157
445
256
261
181
85
488
325
2
145
234
640
208
180
221
136
461
725
169
457
1028
9
317
1028
409
144
50
121
626
202
185
65
169
485
1060
520
468
68
1098
353
605
98
857
850
533
157
144
346
520
146
505
605
241
180
530
146
178
52
1090
485
325
457
100
832
130
36
180
58
45
4
360
162
64
200
490
914
349
260
449
425
1105
233
610
800
4
242
221
170
1157
673
530
1
1053
416
65
160
32
692
53
205
1
146
125
233
109
58
373
601
445
317
218
52
464
405
218
169
1
784
981
292
226
205
613
260
117
1568
40
1
565
17
10
953
50
137
45
457
178
9
53
25
370
185
196
265
265
181
136
421
1018
353
585
2
1000
800
130
208
17
445
405
377
81
1145
40
845
20
349
234
10
689
4
260
61
37
97
64
298
20
202
61
584
85
416
101
34
100
5
320
370
170
225
113
685
1000
520
533
16
1186
221
325
601
425
225
45
833
2
121
757
5
194
40
261
405
333
324
626
61
0
317
145
898
180
482
229
37
1025
37
20
160
100
229
162
1090
1109
629
1154
488
410
338
40
1088
425
522
233
445
0
505
277
4
90
365
5
370
29
26
226
877
0
333
25
194
373
722
153
130
0
625
725
845
100
298
389
261
337
424
40
130
73
128
442
338
389
2
16
673
833
685
106
36
160
72
178
404
485
232
1205
225
185
261
144
205
325
104
125
370
441
20
58
8
493
2425
361
493
416
401
136
89
65
289
337
149
436
305
738
5
290
314
117
144
612
290
100
194
9
265
36
121
685
130
169
26
34
58
872
388
377
148
877
29
89
72
149
81
41
265
36
962
185
425
5
146
169
424
272
185
416
509
225
850
145
25
194
628
85
522
580
40
298
289
29
40
1234
104
5
484
100
1018
4
317
153
965
250
585
865
145
362
50
1849
106
306
34
146
337
981
125
650
640
373
106
130
485
64
37
137
292
170
104
25
64
212
136
34
125
194
36
113
325
61
153
100
109
317
10
353
37
433
289
200
52
20
29
1220
712
520
712
97
577
90
197
260
370
49
25
26
26
370
776
317
277
901
9
452
5
325
196
697
121
397
657
53
41
13
673
746
685
53
394
400
98
197
1413
592
170
170
338
113
234
18
450
185
234
72
360
761
277
50
416
265
325
425
260
628
233
122
605
925
32
1301
36
80
580
130
193
193
29
225
4
269
229
72
8
157
25
949
256
265
445
340
425
520
117
153
425
200
1117
281
377
221
457
1
793
797
673
277
441
233
229
360
245
125
900
49
9
233
296
445
170
50
866
401
500
325
922
485
169
20
580
394
53
10
580
146
845
400
2
65
25
730
362
265
872
2
180
261
80
117
260
340
373
794
64
53
5
634
2056
410
82
865
832
625
1096
493
101
61
13
653
125
61
40
450
121
194
288
72
130
1156
25
136
106
377
10
356
1690
820
100
425
170
520
842
17
232
13
461
305
82
146
194
73
277
1445
100
25
52
680
64
149
405
121
250
170
164
64
450
13
514
257
144
116
196
410
640
808
272
269
221
100
493
457
34
666
160
325
221
324
1573
346
194
289
1417
676
820
362
477
1093
842
197
64
585
392
325
2146
265
293
40
1205
650
493
389
757
394
208
85
640
53
1
170
202
116
377
377
85
1405
904
68
356
181
101
265
197
100
452
400
194
1
242
452
272
365
4
436
2
250
100
901
386
73
2210
121
410
25
592
313
260
785
394
1360
866
962
205
72
89
328
137
596
9
365
1693
436
145
200
289
269
985
212
340
409
484
37
170
272
37
61
356
842
533
365
680
149
1625
442
64
809
185
328
58
337
325
181
226
954
104
26
389
53
512
221
49
425
370
685
977
221
369
1129
509
5
313
298
53
145
61
64
2196
261
1649
277
116
170
365
505
1010
349
205
389
1017
305
64
356
265
170
1156
260
578
578
121
122
212
68
256
180
90
416
269
13
457
626
85
185
58
557
164
340
261
290
98
625
202
26
324
64
68
45
666
25
49
64
765
49
1258
468
121
245
65
241
225
116
52
229
106
829
82
200
2
617
221
40
493
544
178
1125
2
586
593
130
58
20
80
610
52
34
261
250
65
738
36
293
425
185
65
584
529
2290
9
52
520
388
170
250
1192
9
485
117
793
425
100
225
306
130
137
225
49
144
80
65
1160
685
170
377
82
580
356
293
50
1066
306
424
121
1300
20
745
113
85
26
170
404
557
261
320
97
761
25
738
185
765
584
117
178
442
85
245
325
464
1549
234
784
125
29
1322
317
1066
1985
41
180
289
533
109
377
37
180
569
226
53
5
1226
338
325
585
73
34
25
53
144
592
1853
410
482
925
1
169
64
130
145
101
317
1156
530
208
1480
49
121
1220
200
137
100
1825
617
196
306
769
1445
170
533
29
64
457
117
41
1258
370
125
144
965
16
65
180
410
4
26
130
181
754
680
197
433
122
170
245
193
170
365
900
185
265
0
49
160
52
89
25
845
754
25
746
125
314
808
986
769
53
125
725
122
52
794
72
81
18
577
450
296
157
4
1928
769
68
340
20
81
58
490
13
53
89
325
169
1073
116
148
484
16
193
136
261
648
109
925
68
157
90
1370
324
1490
106
4
754
565
269
1096
1341
1517
144
706
90
65
562
221
685
794
257
793
533
205
338
2866
18
32
405
25
353
205
80
452
1490
170
37
578
529
58
13
265
49
144
148
125
18
565
26
208
16
82
29
157
9
1060
145
2
72
325
145
10
53
61
820
4
25
477
488
169
533
909
17
52
5
689
10
178
5
884
162
73
1024
689
549
1492
529
361
362
373
178
1306
149
130
1076
170
401
325
205
68
674
772
122
226
229
657
9
225
260
144
90
725
169
1000
149
325
445
424
666
34
296
1028
148
233
37
45
100
881
250
41
41
41
136
169
130
197
9
29
128
400
4
932
170
272
685
260
85
505
340
64
260
562
241
1928
1872
360
809
1156
450
25
730
25
82
61
97
377
178
34
100
272
205
121
706
929
269
425
85
65
580
481
905
245
733
269
122
961
493
533
225
1433
410
2249
61
153
65
533
545
226
1
265
16
298
290
697
1962
277
100
101
657
205
1297
74
169
481
232
356
104
85
17
377
8
436
29
445
898
130
45
50
746
628
53
16
17
377
500
185
74
416
208
180
58
250
40
325
245
173
605
1037
202
673
890
877
296
801
2
545
9
113
529
49
1000
269
20
1525
68
194
596
65
104
648
680
362
306
250
260
257
1013
212
113
801
153
0
225
904
821
170
218
754
1145
17
801
389
100
1013
1000
410
65
313
626
197
26
41
29
245
45
637
325
1546
260
650
89
901
85
289
97
661
146
146
365
178
52
41
244
145
200
250
274
692
340
40
706
313
185
936
136
170
221
61
89
596
225
450
13
97
4
377
457
9
45
2
485
169
185
338
884
481
337
41
773
180
125
41
325
290
50
173
562
185
1160
68
500
25
261
10
272
121
482
292
685
82
245
265
425
185
313
793
409
964
173
468
193
261
73
976
362
405
289
194
194
16
505
512
577
362
45
26
1764
369
4
145
260
218
180
90
144
117
325
761
841
100
256
117
569
433
20
100
130
505
29
65
170
89
405
922
244
1017
857
1018
269
637
145
125
569
1205
1069
257
464
485
424
121
261
97
706
146
436
61
485
698
578
338
1037
370
137
709
58
361
544
320
500
173
170
148
116
145
65
488
1010
202
692
529
397
746
101
461
116
562
305
229
45
80
313
481
90
194
929
36
13
17
346
1280
208
1325
425
36
29
232
16
212
164
2056
205
2237
169
97
164
37
17
68
362
64
100
18
185
320
445
170
109
873
400
425
557
17
1
242
200
2
397
144
4
360
109
260
936
433
80
612
29
328
853
625
117
100
53
160
226
226
628
125
234
218
400
148
29
260
288
250
65
162
260
740
260
884
500
565
346
250
949
725
353
205
449
205
305
197
738
72
104
562
9
369
544
32
1
369
106
338
277
260
656
101
269
569
208
153
457
289
82
653
45
484
113
802
130
1828
5
338
925
464
109
4
1489
289
221
200
386
90
436
85
90
569
26
377
701
1348
25
58
10
961
193
41
61
137
373
340
394
522
73
857
436
29
196
425
208
1256
205
985
1000
241
610
544
313
20
1
50
144
256
72
314
53
40
113
272
1189
288
32
121
650
522
85
585
1973
314
338
73
821
360
45
130
962
745
26
1170
25
533
468
173
234
37
41
941
545
160
100
4
145
72
676
722
20
1189
421
25
265
5
29
260
185
170
170
225
53
212
436
53
257
197
137
729
269
596
89
169
500
373
53
353
106
10
81
113
580
13
148
985
328
225
1205
17
1642
370
410
2080
288
754
65
340
65
685
445
877
442
370
225
205
738
325
274
117
580
229
724
117
36
250
4
36
400
656
265
577
146
1010
74
953
256
298
221
5
877
181
81
1145
260
194
338
50
116
0
290
130
225
36
58
565
117
360
169
160
317
106
122
269
200
468
137
40
116
104
634
257
457
125
365
5
400
149
34
50
289
202
848
370
145
712
265
314
305
185
160
148
32
754
221
289
509
468
197
106
130
130
250
50
32
169
200
194
468
4
449
205
89
272
74
0
349
441
529
5
65
125
650
272
25
333
34
160
65
149
242
793
325
449
601
185
65
173
170
202
1450
533
17
593
500
569
985
173
52
89
610
180
788
50
101
272
205
145
674
410
197
61
377
1352
1429
113
477
149
193
809
34
41
64
256
13
64
64
148
362
81
848
1
404
265
514
101
320
961
41
136
26
244
562
9
754
617
328
200
4
580
106
578
5
65
388
50
757
157
149
226
13
493
442
106
289
386
529
577
349
1097
1105
441
1898
136
149
8
482
125
234
845
778
234
340
50
530
101
34
738
356
538
100
153
356
325
337
74
337
52
212
545
305
481
800
477
20
9
80
425
296
666
490
404
229
797
754
64
1549
205
360
557
101
16
605
17
250
324
674
482
74
89
841
34
845
305
5
109
530
225
149
337
229
9
170
1061
89
514
157
16
104
169
232
153
1153
8
117
121
169
81
697
226
130
226
793
212
488
104
244
698
565
197
13
793
194
625
80
173
529
0
832
85
613
234
121
394
153
25
1061
36
104
410
410
1301
121
360
773
580
740
373
72
601
109
81
1234
274
58
725
137
545
890
72
392
229
64
866
20
701
146
85
1000
74
324
452
650
226
1033
169
185
221
565
457
1594
181
37
144
676
148
212
100
17
666
25
205
25
97
745
388
954
265
25
145
85
74
505
377
548
32
500
977
725
149
584
820
265
754
180
305
281
877
193
205
25
337
194
26
320
109
117
170
40
289
178
40
65
37
313
136
260
0
221
1525
468
394
260
1184
10
221
212
650
74
365
16
117
106
328
40
89
148
50
832
305
233
514
81
601
1
148
730
68
13
292
193
450
626
290
68
128
29
85
50
481
433
34
73
808
50
272
997
49
101
16
13
17
257
293
170
353
25
130
205
900
117
257
149
89
441
146
113
146
466
865
484
130
586
113
1300
1018
569
605
274
145
180
136
277
68
58
37
65
464
68
145
850
397
274
89
1973
225
340
436
181
160
549
1250
5
85
29
314
305
1156
337
544
148
109
450
305
37
97
697
125
265
1028
648
36
488
80
125
377
257
52
577
106
306
64
130
125
80
613
221
493
37
1828
109
73
1282
692
353
1781
68
61
121
122
272
4
170
325
13
8
340
400
337
89
169
977
72
68
200
1433
242
173
26
362
353
221
50
272
82
1000
370
81
137
580
245
325
17
173
1601
169
73
85
337
1225
157
5
841
436
8
193
530
685
505
452
10
260
5
106
245
1073
122
676
269
1361
373
58
1937
234
256
65
194
50
130
394
445
410
85
533
1097
113
362
461
10
290
185
109
116
101
325
685
113
281
89
136
873
401
45
421
485
144
202
500
1252
328
265
562
50
100
586
317
733
178
208
353
410
37
146
333
37
1306
289
32
0
169
1
37
576
10
148
1585
641
32
20
1205
1385
514
221
25
125
100
101
130
346
613
808
169
241
226
746
1160
272
296
5
541
361
130
241
1492
441
578
410
97
41
29
117
125
65
13
225
53
1
13
1181
218
122
25
449
130
121
146
641
148
977
128
18
144
212
320
81
100
73
416
241
145
144
50
724
317
1
25
416
585
900
676
52
64
949
145
1000
244
81
576
85
1517
50
82
509
1549
125
74
340
676
17
425
1049
328
20
544
1018
218
121
580
360
356
360
85
1765
178
45
340
101
10
625
549
605
549
53
293
1157
50
377
290
445
29
25
521
136
360
976
356
233
180
13
305
709
146
576
325
73
514
365
113
64
1789
148
1
109
776
130
362
45
100
425
509
909
317
850
148
360
941
650
452
401
250
17
82
117
425
17
145
292
136
241
545
125
58
298
388
545
100
85
26
121
82
484
653
305
425
260
1405
29
80
145
1780
488
81
370
325
149
290
793
26
1409
34
360
36
90
170
9
4
1384
505
90
325
117
181
324
89
585
197
153
793
436
260
845
785
130
41
101
325
433
81
261
229
74
148
37
509
185
205
576
226
1037
1233
520
18
1700
245
937
1450
36
388
324
712
16
32
232
850
530
162
425
592
425
170
637
841
466
49
328
325
404
265
548
68
360
157
121
160
257
772
202
180
85
356
404
320
68
260
493
185
306
85
29
10
25
801
313
29
97
1165
986
0
977
293
466
34
218
325
1098
757
500
949
1508
180
104
10
65
289
288
1105
697
1153
936
853
146
1105
17
85
533
157
234
706
1
50
596
125
72
17
244
26
85
144
261
104
801
610
593
340
586
353
1098
32
72
725
41
205
58
25
676
585
761
250
5
5
49
221
298
666
1040
80
901
164
97
81
365
41
325
10
193
145
32
169
1170
41
25
265
676
373
577
797
218
26
178
500
130
137
85
450
730
306
250
85
68
445
234
49
34
185
58
73
485
1088
1213
65
153
9
241
640
314
58
145
20
97
305
1301
788
449
289
58
1192
905
74
5
576
1105
772
466
520
410
541
229
170
625
468
221
773
153
778
500
450
274
509
809
565
170
290
1097
400
410
80
1189
225
457
100
290
373
170
778
1138
289
865
425
242
208
962
738
505
288
769
74
221
2465
365
37
205
288
257
325
458
145
25
680
610
557
125
484
1453
205
340
290
68
244
200
522
484
1117
241
697
41
148
65
226
80
52
1440
50
100
701
50
392
200
148
544
109
425
325
245
25
226
392
2384
500
85
90
289
625
25
153
866
290
49
277
784
82
733
170
4
377
29
144
153
73
157
58
5
305
985
761
13
65
746
569
185
50
136
52
493
58
324
809
730
985
530
500
25
260
89
181
58
449
85
145
90
61
13
370
218
325
676
272
145
338
388
144
477
34
340
196
761
289
153
5
65
500
410
137
50
137
49
290
97
433
34
545
144
706
181
101
125
769
320
29
565
0
554
122
205
160
265
29
178
829
26
1
116
370
250
65
130
162
25
404
81
50
725
25
250
178
1066
265
625
841
269
49
925
32
125
9
202
36
196
80
125
578
13
185
85
74
409
625
530
8
229
377
293
610
493
26
100
394
205
386
101
101
68
148
272
1469
580
185
226
361
9
337
101
557
389
20
545
170
340
349
144
425
5
80
405
337
160
13
61
1201
146
4
101
265
130
452
130
306
80
205
50
333
389
130
677
178
53
50
194
250
25
49
169
592
58
292
100
298
37
289
1874
1000
680
333
617
64
53
122
1
961
73
801
16
433
218
29
388
104
180
785
13
1000
149
404
145
442
73
149
250
2146
29
985
49
1037
9
481
314
18
2
445
637
985
485
50
61
452
421
585
244
317
121
617
146
41
5
829
349
1060
64
232
16
196
229
4
68
32
922
202
145
325
676
205
89
1025
680
637
169
221
292
289
712
656
1040
593
100
292
194
1090
250
29
130
353
954
89
577
661
185
241
585
757
514
4
130
445
409
1125
493
400
241
676
484
596
306
221
202
68
61
145
320
325
613
64
580
52
293
425
1530
137
160
173
746
10
1556
1202
625
452
196
397
613
225
40
1160
52
64
89
53
25
145
482
164
58
640
250
314
26
9
261
829
81
58
25
101
314
229
986
100
377
73
685
533
450
170
269
212
725
2314
778
725
26
36
1184
776
458
137
145
265
290
208
0
25
178
185
205
98
36
281
25
452
244
425
233
106
53
584
200
157
100
745
40
97
121
130
74
100
949
50
346
170
410
442
81
73
1160
629
65
290
10
1
802
962
520
593
173
1321
80
61
433
738
400
73
1
193
234
100
1181
144
130
1000
85
450
720
340
386
68
680
34
520
261
36
882
1000
512
1237
1769
10
149
2194
20
49
1060
117
772
164
101
482
404
101
1576
50
74
370
317
50
325
74
754
425
680
1
629
225
1469
128
1
488
409
845
61
445
250
981
5
125
58
116
365
377
625
116
424
234
122
457
425
185
677
666
305
1348
544
521
832
164
100
909
1789
148
40
130
245
20
394
340
169
185
562
82
41
205
149
10
122
738
290
157
153
353
162
225
353
202
373
481
53
178
197
1172
404
41
325
416
250
1369
313
1125
493
37
10
193
1396
65
64
265
362
241
1024
109
232
17
569
244
832
425
116
292
16
1537
181
361
5
234
136
160
2
113
261
233
173
106
549
421
221
226
245
157
229
697
697
113
296
125
1009
10
157
34
68
361
64
740
49
125
605
873
256
277
365
125
441
482
18
10
1460
169
565
281
680
586
845
81
205
130
578
16
449
80
653
100
296
74
241
265
121
36
37
269
740
208
5
37
45
178
290
98
41
197
73
288
13
274
104
306
58
37
68
89
884
178
365
292
689
208
52
58
49
338
274
20
50
1585
353
481
137
610
785
928
533
289
234
68
409
289
533
821
202
208
269
121
397
424
325
85
549
85
202
53
442
842
289
1640
452
850
148
289
41
314
1
277
701
1450
845
234
288
369
125
225
116
433
41
121
208
1013
317
61
136
325
530
181
169
610
50
338
853
305
505
477
53
40
148
265
137
296
97
650
4
425
136
49
13
296
212
458
394
225
1058
761
317
128
16
1300
8
629
349
288
416
349
548
941
356
260
257
730
160
442
5
170
32
173
340
225
32
250
50
34
202
1040
65
116
277
17
745
349
20
410
290
340
81
242
73
250
2218
530
452
673
292
458
493
872
404
490
130
314
53
1109