
106
500
386
170
680
458
109
170
325
793
17
601
0
164
578
16
145
290
1156
900
605
250
290
64
125
194
196
130
13
325
709
244
290
64
685
130
25
265
197
16
325
562
109
162
290
50
2045
4
36
34
185
400
153
317
441
676
170
914
580
153
389
464
362
488
61
820
361
34
274
377
185
365
58
445
853
137
196
1666
146
373
442
52
130
218
612
356
370
450
845
25
298
29
53
1
234
340
41
841
208
530
74
121
605
125
185
250
200
106
58
68
725
433
185
722
90
196
10
37
200
17
386
370
85
425
180
100
74
369
1037
121
41
244
596
58101
37
1460
181
113
146
169
778
160
80
130
281
521
85
450
109
629
125
81
1024
185
122
833
9
49
369
40
26
65
680
445
925
320
64
202
72
800
725
292
1465
106
400
58
625
1314
612
221
544
482
272
841
169
157
82
225
65
685
745
153
9
337
4
328
29
180
617
997
200
650
233
90
68
212
274
576
260
338
208
256
20
13
200
109
245
82
333
202
145
85
949
740
178
485
34
73
1076
305
173
1613
580
37
400
400
116
157
85
493
81
25
565
1220
842
85
1181
401
125
365
17
965
170
349
185
298
325
436
149
545
52
18
113
100
148
298
592
208
241
136
265
85
146
50
841
416
41
200
1088
80
909
757
793
29
100
145
173
425
261
41
306
936
52
296
265
17
425
477
181
205
373
17
148
925
400
245
50
193
281
125
218
61
400
629
425
29
265
901
113
349
41
457
541
4
164
218
157
389
493
900
145
580
656
765
361
288
202
25
106
25
130
292
169
2034
125
197
545
493
160
1570
493
196
50
481
256
160
857
1125
8
170
116
260
34
421
634
194
90
890
100
293
617
45
13
65
25
265
65
196
97
245
193
389
80
416
809
37
1300
1306
340
2
1522
1125
36
706
545
305
1044
1066
244
290
85
122
10
820
205
520
441
0
325
113
116
1028
61
288
1
157
641
241
81
277
256
26
185
20
346
97
666
416
18
866
1940
148
293
530
733
145
53
52
5
29
41
65
113
145
40
445
325
577
26
125
593
100
289
205
349
425
113
64
234
317
445
125
337
810
733
2
157
433
1021
324
985
289
337
320
306
233
100
808
800
625
50
370
153
689
925
45
360
4
257
370
493
409
356
338
242
461
281
650
164
29
85
173
1745
274
104
34
340
794
4
61
178
233
61
116
146
16
178
185
1220
13
576
488
493
50
481
80
985
505
233
965
153
389
425
313
68
80
772
13
720
61
37
370
289
274
65
113
925
533
500
121
178
521
128
400
9
53
416
178
85
29
290
53
490
520
548
949
10
530
657
73
244
85
20
250
58
125
785
522
1093
405
244
160
2610
365
68
53
1
40
729
557
388
724
85
16
85
697
26
709
260
32
20
461
72
328
52
145
281
976
1129
4
289
81
145
29
724
68
981
90
85
260
29
373
1297
845
841
610
648
82
197
610
410
200
73
136
50
400
164
145
914
25
25
169
881
106
104
233
305
265
810
985
185
130
401
90
656
90
314
317
545
425
9
40
293
26
493
97
442
512
170
442
5
340
82
468
1040
170
226
145
180
788
25
593
208
977
101
1225
265
125
377
121
361
333
298
754
433
421
10
257
898
1098
136
260
13
505
365
1
725
221
269
596
32
1105
324
170
461
45
205
145
25
97
580
144
505
338
85
157
778
725
234
205
185
1796
109
964
1145
400
68
648
485
25
148
34
584
1205
29
325
153
290
193
1493
106
212
205
121
34
225
122
53
169
205
185
441
136
157
90
333
362
50
18
401
650
194
162
400
650
244
362
5
68
197
562
394
29
61
317
64
221
25
5
394
169
488
18
290
20
58
968
101
58
733
130
162
458
530
900
10
234
289
288
578
541
1
229
52
962
146
61
100
61
922
365
45
16
328
74
797
225
164
4
625
490
578
37
64
225
90
593
1037
1076
964
698
386
200
538
865
1789
58
625
13
20
961
113
50
648
221
2525
25
26
484
260
1850
389
388
260
692
538
2
306
1637
181
442
116
9
100
596
34
290
320
205
221
360
104
226
218
13
64
317
170
89
500
265
121
629
493
10
377
20
1082
53
36
225
1017
785
178
554
130
400
650
89
1157
373
117
89
640
0
145
290
121
290
218
449
586
200
16
442
661
160
740
26
130
25
145
584
585
164
601
221
157
65
25
260
226
34
64
745
13
1780
41
698
205
16
244
421
65
41
733
313
328
200
277
73
169
922
725
637
65
157
2165
1096
85
657
349
373
229
170
545
17
565
281
196
346
1125
401
320
10
41
241
634
260
445
365
40
2404
293
169
754
281
221
4
20
349
9
160
1154
20
180
1109
733
1
81
256
661
221
68
81
136
289
468
244
925
169
628
1157
397
293
197
441
289
226
245
122
612
1090
68
509
52
130
81
565
841
298
277
73
80
464
128
100
842
445
233
49
4
10
9
153
113
225
4
81
1261
101
74
36
8
338
116
144
18
1145
89
613
452
180
25
104
461
29
58
557
949
884
629
205
169
410
218
1277
5
226
25
404
162
857
205
466
458
125
225
194
745
34
1241
593
290
117
125
97
740
197
356
261
657
9
389
145
145
477
1818
410
74
389
1058
698
200
41
626
1341
250
452
605
45
29
122
106
16
200
325
130
1618
557
153
170
233
80
521
90
200
850
101
265
853
225
9
122
113
109
52
97
313
13
169
477
149
257
52
733
25
25
370
257
104
360
148
193
185
320
538
442
50
25
53
292
164
26
68
441
1690
1130
436
65
388
409
185
200
212
441
265
10
58
50
37
257
244
1049
272
296
117
421
232
314
356
901
10
1017
872
208
20
113
505
328
2340
145
116
20
164
100
169
50
169
180
689
505
122
265
73
340
229
41
425
325
169
338
241
593
324
1213
130
656
250
522
853
137
146
410
185
130
205
41
173
1490
725
194
145
296
241
18
146
26
500
757
194
20
269
1394
81
593
68
109
1450
1261
212
50
221
50
9
232
548
149
58
401
346
173
250
365
13
100
257
113
25
785
1234
305
90
1157
289
569
356
58
628
85
148
244
185
1489
40
2132
136
2448
241
197
221
1124
170
405
320
17
212
45
9
520
610
178
106
32
25
144
1
289
873
109
37
477
13
58
196
74
85
125
365
181
865
1010
130
17
530
296
313
596
45
442
82
424
64
85
205
365
193
169
4
1076
10
514
26
680
356
445
180
241
548
100
40
205
25
449
481
292
1125
386
369
117
468
740
157
400
40
5
346
185
346
970
477
596
5
421
181
37
818
1024
34
433
832
226
274
261
985
73
181
157
148
298
145
340
160
362
625
234
233
128
34
153
565
173
104
317
245
74
89
585
122
845
89
170
1066
500
153
1450
389
729
493
613
628
356
461
738
425
1082
145
121
128
328
37
730
261
389
601
81
170
180
530
113
64
1093
884
74
613
32
17
1258
641
441
425
125
634
185
512
274
26
100
97
117
265
250
425
25
2
1305
130
289
970
81
2041
181
49
290
802
136
565
125
13
232
50
346
173
689
10
169
317
0
685
104
900
61
234
468
505
52
800
50
90
125
65
130
298
1145
8
842
32
257
109
89
500
261
1082
26
208
452
416
34
101
514
202
373
317
324
353
149
5
196
200
1
328
706
193
592
369
73
109
640
410
80
146
200
17
845
1961
17
200
17
45
45
145
160
65
650
289
101
49
964
40
324
32
1105
130
82
1125
68
832
58
458
160
625
370
160
269
464
650
32
729
313
50
290
613
530
180
226
841
445
314
164
145
261
121
529
905
185
328
493
388
260
442
100
41
370
529
640
212
37
58
64
49
0
745
137
145
461
1261
625
4
90
468
353
202
65
565
962
81
482
104
89
324
25
18
41
677
36
85
640
256
449
29
145
194
845
250
85
585
1145
10
9
580
85
785
144
292
136
1082
281
144
353
324
521
2
85
137
346
185
104
4
277
52
49
925
26
1629
293
226
965
125
549
520
961
772
170
306
20
81
277
365
8
52
289
505
225
98
16
1492
225
361
293
73
680
170
482
10
29
481
260
36
484
634
58
73
452
85
100
370
256
137
221
241
170
293
125
244
50
45
185
1145
449
425
185
261
356
221
109
61
424
97
461
365
928
125
1297
185
8
170
1322
148
549
452
520
877
545
10
1210
121
9
353
692
746
64
468
533
218
41
292
1
17
386
298
125
400
26
724
164
90
298
829
241
29
25
5
520
482
533
145
221
53
116
17
205
425
265
544
170
2501
1637
530
676
832
1280
85
65
541
290
49
13
82
712
73
37
1181
522
725
45
109
49
305
521
793
328
73
1
449
925
65
250
640
52
125
610
845
697
113
5
314
656
200
122
389
340
689
320
170
529
225
234
265
338
25
100
277
164
1300
612
45
757
1058
29
145
97
82
13
370
370
36
1225
80
514
666
205
464
149
106
205
8
13
289
17
233
305
578
356
65
661
180
592
1105
778
26
289
72
144
260
116
261
577
250
61
170
13
544
1256
680
5
317
145
640
5
52
170
225
324
289
244
305
964
13
361
625
890
850
29
121
1000
218
404
377
164
613
328
26
449
257
274
1010
265
450
58
29
272
72
1
122
260
145
130
185
181
394
1093
49
361
125
197
409
160
373
205
80
25
425
269
260
425
1369
401
612
872
1069
26
4
701
445
1010
74
461
37
1186
410
277
584
145
405
73
170
50
298
9
2404
193
197
58
10
61
324
106
208
181
225
29
61
169
73
305
628
377
634
200
580
193
205
106
49
121
365
260
81
116
277
34
20
841
89
261
233
377
136
130
232
221
117
13
685
180
4
5
89
1
242
61
509
160
625
260
241
5
49
1450
36
1538
677
400
296
353
100
226
25
941
34
464
72
425
173
365
2
505
61
29
680
697
1440
272
964
1000
65
34
26
425
458
64
954
1360
410
17
545
394
521
425
157
4
2561
89
200
20
113
234
16
130
200
441
97
233
802
25
340
109
58
173
241
80
388
482
128
265
205
324
170
457
793
40
20
8
157
954
289
909
530
1220
106
212
146
72
229
185
776
18
324
337
234
265
81
104
845
26
2
85
676
41
1125
17
349
449
202
601
37
18
530
650
1105
34
5
1513
520
52
256
97
450
965
689
125
73
181
136
793
41
25
485
20
545
130
61
50
389
445
1172
802
1160
205
90
610
202
866
2125
261
130
592
1
442
136
16
740
41
241
277
185
232
676
45
257
212
170
656
65
458
73
857
585
34
100
61
685
244
49
338
522
333
626
544
72
144
349
197
288
170
544
397
925
317
565
549
361
64
481
436
2
325
61
761
170
890
148
370
680
416
1229
9
293
530
125
722
260
333
89
26
9
1282
4
169
545
829
493
377
584
148
689
257
320
370
400
458
914
701
128
392
32
20
424
34
313
80
49
505
388
530
233
200
445
145
1369
260
360
4
650
90
113
117
50
197
9
245
425
173
73
410
225
202
1465
52
541
1690
170
601
500
100
82
485
482
136
436
1669
324
25
260
1297
914
4
464
578
724
53
673
89
109
130
196
656
261
865
73
328
41
32
436
200
1682
89
458
386
490
400
650
64
905
136
82
1037
261
100
425
634
733
149
530
5
677
146
637
80
488
340
416
25
68
1360
680
468
274
4
17
205
81
441
485
128
250
261
52
2
365
29
9
169
90
113
16
80
65
293
229
136
40
125
490
250
205
29
865
122
122
260
272
932
477
610
410
338
10
289
617
349
5
205
245
328
305
25
180
98
585
85
64
26
388
218
800
337
193
985
320
424
37
149
610
232
289
208
1
898
900
233
117
169
1217
200
197
929
1189
122
170
1234
122
256
125
289
244
754
977
401
229
433
377
661
170
1576
530
98
104
144
116
130
800
613
90
20
194
185
1114
338
97
9
18
149
117
68
370
90
185
349
121
50
313
170
64
337
218
265
32
773
386
80
130
305
4
8
130
180
9
74
13
400
265
26
641
625
281
74
485
580
333
185
292
144
74
50
848
601
365
218
580
650
400
181
36
850
580
122
313
1153
49
85
205
106
81
0
305
1160
612
530
965
221
1640
82
137
226
145
360
98
34
586
425
1
584
925
64
449
197
500
37
265
850
137
25
1313
125
901
164
130
160
149
89
181
533
117
346
64
481
436
81
109
4
325
9
356
5
113
185
20
221
157
170
72
200
317
13
1
8
26
244
226
90
181
512
160
936
1721
90
225
488
445
290
697
242
260
450
205
377
2897
800
277
1
18
317
50
130
697
146
317
26
901
85
481
360
377
522
100
729
100
116
629
34
68
153
58
1125
106
53
180
272
778
442
389
74
305
136
362
356
17
442
205
757
181
549
729
765
290
784
349
389
40
170
29
226
389
1469
689
520
509
377
328
689
144
52
250
50
145
317
197
340
170
362
25
128
225
242
289
626
136
356
464
85
145
74
445
13
445
914
137
493
288
1409
20
13
370
416
145
173
148
625
130
898
160
241
221
1040
160
4
365
306
41
362
965
1409
5
244
324
169
1
1585
260
153
9
260
194
1466
641
37
34
196
45
64
410
272
1570
4
18
185
1306
197
370
73
25
2178
61
509
360
625
325
85
394
100
405
369
148
1220
9
52
545
80
117
82
32
25
338
674
289
121
976
169
277
17
289
1300
149
242
153
400
250
544
369
592
1217
45
74
754
365
58
90
169
29
125
101
288
221
337
801
65
362
409
104
125
61
145
2
202
149
1297
97
125
212
234
290
610
64
233
481
13
1025
433
173
4
233
50
442
628
293
1170
81
148
26
36
522
8
64
293
81
32
116
17
353
1009
144
325
370
13
136
578
1769
125
853
450
529
244
800
170
313
914
218
53
485
64
409
65
538
52
50
377
90
100
2029
769
197
829
13
50
477
149
49
225
794
194
180
98
233
65
242
196
29
193
85
82
16
338
146
212
25
4
205
104
490
52
81
565
26
410
145
601
754
1394
4
130
1066
116
149
1402
317
289
850
625
29
281
194
650
986
685
68
97
221
197
20
72
985
261
85
520
25
544
234
865
692
146
274
50
98
130
173
370
221
250
34
370
37
85
706
909
197
25
4
25
73
117
113
394
125
397
2340
122
137
218
122
1024
421
985
317
181
1553
521
121
181
533
26
208
25
65
776
250
41
164
25
250
73
90
178
890
468
325
845
625
82
306
245
160
226
180
592
64
337
954
1156
493
362
250
265
821
18
400
130
164
181
442
272
890
365
50
122
194
68
785
557
353
37
85
2405
16
692
85
68
433
185
689
194
425
493
208
2180
1780
85
100
85
250
16
313
325
416
296
272
349
377
244
170
173
145
50
37
657
557
730
170
109
436
290
221
196
320
404
1060
557
416
65
229
445
745
178
196
580
340
82
1424
170
25
170
293
320
10
389
340
85
233
5
180
185
144
250
8
565
257
29
605
466
346
592
340
50
265
169
200
377
833
505
569
538
340
26
293
20
208
109
656
505
85
225
1369
144
477
272
145
16
320
410
289
530
85
173
298
740
10
9
157
1250
289
452
65
125
194
290
185
81
180
58
377
58
85
493
452
73
52
433
68
58
877
74
40
493
365
37
409
468
122
400
4
389
97
245
260
530
425
200
97
73
53
130
82
10
584
185
397
361
32
49
1597
130
1325
17
274
269
265
337
89
689
765
101
477
10
225
13
34
173
10
916
293
169
289
565
541
650
90
25
137
125
212
2693
461
169
650
85
45
277
194
20
314
953
52
405
68
628
685
793
785
733
1345
346
250
37
900
676
520
0
257
290
324
585
26
121
1277
10
17
1
170
20
1685
538
545
290
450
5
293
370
116
200
5
2
650
433
370
317
137
97
16
61
233
361
410
549
170
26
160
1
493
17
81
145
305
208
234
778
328
356
1
181
245
2074
145
221
305
225
148
788
962
362
881
565
130
205
208
916
125
1
1028
1450
520
485
490
340
106
145
754
628
196
409
208
34
541
293
288
73
5
36
1258
1058
157
52
445
562
180
340
194
221
2
202
706
2605
137
170
74
226
25
509
34
1
73
144
314
1762
64
89
65
1186
29
305
65
709
232
101
145
293
196
377
1769
100
58
52
232
113
661
416
1186
305
949
53
340
25
328
170
661
122
153
117
90
458
101
845
629
634
392
641
13
613
986
74
289
520
485
208
274
49
289
29
25
173
738
400
229
125
145
442
404
272
104
400
16
269
965
562
985
740
50
80
82
36
85
1037
306
72
298
538
244
130
74
916
577
117
1049
164
100
97
225
544
314
149
1480
130
29
800
482
260
25
269
421
793
205
733
514
410
185
338
162
100
250
221
117
34
73
1040
41
900
545
225
65
333
26
296
365
89
685
5
685
205
29
185
2125
121
2
18
361
8
274
533
146
680
26
853
122
1285
74
505
225
485
17
32
82
324
250
757
261
89
265
261
25
68
52
481
1352
5
610
1049
1066
64
481
164
388
810
629
100
1700
533
261
50
10
178
612
245
405
1568
61
20
692
229
85
61
197
256
74
554
80
13
50
49
745
829
634
1168
338
136
346
160
333
234
481
985
164
370
233
61
433
466
320
509
148
725
914
613
1
146
128
577
745
74
194
17
260
80
232
5
292
229
338
256
196
793
85
677
173
170
442
1412
450
1573
985
325
29
225
562
40
349
109
720
128
25
8
650
1289
866
40
9
637
673
49
433
17
1033
810
212
221
610
196
793
61
320
26
272
305
401
580
225
317
481
181
169
61
477
9
320
202
25
377
20
241
232
82
50
277
410
976
338
181
293
64
145
244
196
130
1028
425
377
72
290
180
4
106
10
509
100
17
725
850
985
416
725
5
257
1277
125
61
157
34
58
369
116
50
340
144
333
146
612
104
13
296
458
82
225
173
890
1105
208
100
106
689
685
221
400
137
121
122
356
61
65
325
333
169
185
1017
1
820
17
706
289
650
485
272
1000
545
562
125
116
397
656
200
325
25
356
81
425
293
164
410
221
64
229
185
82
365
904
36
221
373
221
34
73
257
149
370
160
52
388
104
361
353
100
89
45
16
9
562
569
13
442
26
557
232
389
325
185
296
10
226
754
410
146
104
1381
169
50
89
1028
394
305
80
85
208
250
289
421
101
549
466
58
293
674
20
1105
100
800
25
410
829
221
200
1018
1289
53
296
5
289
509
170
97
4
1028
4
65
116
97
202
346
361
400
130
1
137
34
820
232
549
180
290
410
485
773
130
416
218
400
25
1636
850
361
754
49
80
58
10
18
17
101
226
90
193
29
725
405
389
401
289
265
53
169
52
169
257
421
26
74
325
685
9
225
445
754
130
265
137
221
50
625
205
97
1346
640
1570
970
100
37
1394
81
333
25
1492
333
74
29
100
405
964
205
265
325
53
221
65
1296
82
389
100
125
29
353
136
773
538
58
1105
36
148
740
73
520
261
436
9
80
610
250
416
100
493
1341
73
245
9
289
185
26
221
80
449
257
250
50
61
36
629
136
416
136
20
5
37
585
625
482
193
61
765
65
101
661
128
221
800
50
730
377
98
256
977
80
130
820
72
45
125
1332
160
25
569
265
313
26
53
337
277
8
485
490
1
629
106
80
320
281
808
53
130
49
370
586
629
580
50
58
325
144
233
1421
212
676
10
625
365
277
772
605
425
388
173
405
409
170
1314
1
68
361
585
226
500
41
274
514
104
584
1325
421
1053
41
362
106
97
109
416
221
130
50
13
986
333
442
26
701
130
410
522
226
338
370
425
362
4
50
85
10
100
34
1170
1
349
441
365
676
130
1936
458
153
205
104
169
685
85
164
377
2005
4
400
145
234
522
40
98
290
1445
650
245
365
29
677
530
305
605
26
277
25
1600
125
392
117
68
125
2
461
65
260
10
981
436
97
89
410
1300
29
746
481
500
149
58
317
80
293
772
565
293
1058
106
477
400
617
64
36
100
18
13
16
208
493
26
565
1313
442
130
328
136
765
106
29
754
653
125
313
41
481
73
562
436
137
416
370
68
325
328
241
277
397
493
146
386
256
505
500
305
136
200
250
2405
194
281
373
802
361
25
125
26
677
37
1
653
260
221
626
50
241
26
410
676
985
277
410
245
5
65
1280
313
481
4
289
685
117
241
145
730
584
148
809
674
449
353
338
377
457
205
274
1
400
5
85
98
170
202
265
500
32
802
1305
229
562
26
145
628
0
306
145
193
122
36
26
832
160
36
613
904
673
136
49
698
212
346
530
64
1433
1921
41
125
949
356
178
37
173
442
277
324
5
325
17
153
521
130
4
104
244
68
82
73
145
2218
260
148
925
61
293
292
265
818
97
64
245
290
125
857
36
533
425
576
178
8
241
244
386
25
194
242
197
584
65
289
146
370
26
173
793
1189
233
221
328
541
1105
97
272
212
328
481
122
65
25
338
65
137
181
488
289
445
29
757
890
18
442
153
1184
320
1145
968
257
325
164
208
49
20
221
1525
106
122
100
872
36
20
82
162
365
365
373
197
272
565
757
233
29
740
637
36
369
82
122
289
400
1385
89
1189
32
61
337
109
565
1145
377
317
68
500
0
373
20
52
441
529
202
117
325
106
232
34
425
90
85
746
64
202
85
1402
130
850
36
754
433
200
730
148
122
257
333
317
306
585
1013
200
265
197
250
338
116
169
773
45
520
853
36
226
2
949
68
169
493
281
205
1714
461
125
9
41
50
481
250
169
202
401
85
244
436
850
109
541
765
490
256
305
277
916
4
49
905
146
365
146
1021
100
65
929
324
477
1082
125
325
2
34
85
80
52
234
361
73
25
137
128
746
125
340
290
548
36
64
17
104
314
481
17
106
125
785
242
170
328
436
64
356
53
370
180
49
65
1250
130
509
425
34
394
369
325
410
260
97
145
50
425
484
493
89
130
25
212
205
136
202
754
317
1697
32
338
689
884
265
116
26
360
116
1
9
450
130
1845
205
125
578
388
130
317
425
146
26
81
361
5
281
4
450
628
250
40
148
25
101
164
265
464
25
533
200
493
394
397
82
40
121
52
373
457
580
144
689
468
1237
388
145
1
650
170
5
289
533
325
65
68
205
82
2
52
52
257
128
100
178
680
52
425
64
865
346
404
221
260
226
954
34
962
1088
340
185
9
821
290
226
80
80
53
584
274
257
20
1225
149
449
100
37
89
740
5
61
1405
101
580
289
733
229
281
68
100
605
1405
49
493
45
1972
290
449
117
533
8
5
61
2257
306
522
20
389
18
490
740
640
1861
353
17
41
153
101
1025
425
442
85
765
265
197
25
317
136
577
405
185
212
697
164
1280
125
162
362
521
144
137
73
769
145
290
50
81
73
290
317
25
85
233
1058
500
389
160
225
153
360
365
1
61
26
149
26
185
74
149
1125
269
181
97
370
410
521
884
17
121
181
324
625
170
125
116
181
146
625
320
194
720
85
629
65
10
4
193
53
25
901
68
292
593
349
80
37
29
85
72
169
1042
100
580
72
121
244
53
290
73
2080
148
1
242
706
578
698
533
170
20
4
200
820
13
97
4
509
1073
100
257
122
425
241
109
436
244
401
500
450
1130
1037
178
181
373
4
365
842
29
26
2536
5
394
3208
205
106
288
125
146
225
64
180
500
202
548
626
89
340
85
81
449
377
221
1618
218
765
370
2
745
97
257
98
290
50
185
514
613
185
193
20
392
640
100
9
122
305
29
1217
477
173
466
401
1210
361
113
601
65
90
89
410
9
481
233
34
202
196
53
64
65
17
80
773
433
265
410
421
45
40
5
72
746
36
1186
808
1098
389
576
442
900
1285
685
898
2
521
64
82
274
130
164
9
1010
29
52
340
149
226
409
218
148
37
1682
29
733
245
90
353
100
185
4
1125
1274
226
106
29
314
226
800
145
113
549
100
305
65
701
41
324
356
145
178
400
1490
72
25
169
25
221
877
153
4
122
305
229
1385
1744
458
698
200
325
241
701
41
130
305
265
40
233
153
298
1213
425
949
784
562
1508
137
13
365
52
3481
89
482
484
1960
100
89
113
260
362
657
306
260
121
529
196
925
400
137
360
20
522
578
260
425
117
850
50
369
320
250
2
261
466
801
40
34
409
80
401
493
272
1186
137
400
72
289
100
9
290
9
397
436
16
40
4
221
410
1105
290
74
100
25
916
821
529
629
218
520
41
592
17
370
145
500
1313
25
145
109
541
125
800
281
113
226
241
37
193
125
445
4
1466
394
650
605
1021
394
5
85
8
488
221
328
313
122
314
1313
145
2340
65
5
740
328
145
205
29
20
113
90
754
170
400
370
49
49
157
41
41
449
109
338
1402
360
146
333
289
680
1384
538
181
405
676
629
106
346
116
72
32
404
549
125
125
146
410
485
181
116
49
250
650
277
173
225
490
545
754
122
521
260
180
170
169
16
225
400
601
97
16
433
117
890
293
40
293
121
442
106
13
953
256
656
353
25
441
909
289
388
298
148
122
265
116
584
1025
738
242
1205
16
274
170
274
464
340
466
577
145
16
337
404
226
626
689
73
389
722
20
72
328
800
698
765
441
1033
394
233
340
5
90
160
73
677
377
89
1649
85
436