
68
425
81
50
1465
80
689
530
1285
25
362
149
277
74
985
193
569
245
421
745
785
130
857
256
522
104
250
833
34
146
233
466
697
865
397
36
265
196
653
586
1093
137
793
272
916
68
509
436
365
410
208
909
685
137
962
41
200
576
2
106
169
170
52
49
785
53
320
754
50
360
181
20
125
74
490
292
25
10
61
125
261
1124
680
441
569
370
229
226
100
481
148
16
277
17
360
541
169
13
265
730
1018
265
305
89
625
409
386
58
698
196
125
1384
2020
709
260
41
50
26
169
265
509
1460
157
505
13
173
464
0
233
116
208
250
2968
740
36
85
485
388
377
221
40
74
442
50
5
25
180
1060
225
225
121
218
17
0
101
73
148
26
82
196
377
850
40
442
9
857
125
194
557
26
113
1114
592
202
580
90
45
106
505
153
193
722
137
554
170
205
221
416
433
17
932
34
500
100
698
146
292
445
16
169
442
212
101
369
436
40
97
425
260
810
733
365
202
625
1314
250
196
628
197
41
65
41
65
221
185
377
466
328
373
289
40
905
272
149
1445
481
593
9
125
101
1418
746
106
625
121
36
578
1024
324
260
1037
85
117
722
409
425
985
400
169
13
50
26
90
361
4
212
194
185
416
628
296
169
578
73
272
269
9
221
100
313
173
392
269
416
49
20
32
74
1189
340
13
404
370
137
32
37
85
205
277
265
821
121
401
2
425
178
1378
50
185
725
169
394
865
181
36
765
709
900
64
180
1010
32
290
250
884
900
1025
625
49
225
265
593
34
116
32
208
81
340
113
397
53
729
50
493
225
106
90
2146
976
1033
724
272
197
40
761
901
26
325
370
549
404
226
545
233
298
289
73
953
49
117
841
761
410
313
306
34
178
32
441
194
325
629
914
449
349
530
370
689
369
482
100
233
181
90
802
65
162
545
52
121
145
1769
8
170
954
25
148
32
324
9
160
450
5
401
82
49
89
85
169
257
181
584
34
50
1
125
313
245
146
100
698
125
261
52
130
1625
61
306
388
164
50
89
208
2120
0
25
245
685
68
85
49
9
8
193
170
468
1640
13
125
685
277
1
233
221
269
820
925
9
1
169
977
900
985
185
185
130
477
388
169
281
389
5
17
490
274
377
325
625
290
317
65
1861
49
130
305
356
5
52
20
772
125
145
16
149
337
500
109
218
113
37
386
272
288
1618
617
340
637
52
404
136
18
1600
325
13
29
1040
369
821
289
90
225
722
1261
356
450
529
1300
81
656
788
160
666
424
680
289
36
493
212
1082
202
250
50
610
17
53
61
125
269
400
85
148
656
17
260
122
676
410
765
365
325
845
365
72
650
197
545
37
137
986
85
160
137
298
225
1125
306
445
212
754
648
145
109
106
97
157
580
549
37
89
13
82
4
370
122
436
160
53
40
146
17
226
769
64
637
145
90
80
160
130
113
61
36
769
416
50
1
449
17
25
178
965
386
488
34
485
1220
194
833
441
194
117
97
85
82
340
136
148
145
173
538
173
170
500
452
433
26
677
170
677
232
73
25
1453
106
170
45
296
61
170
100
557
505
65
521
365
10
585
949
520
125
221
325
340
130
261
208
40
377
244
52
500
289
281
832
226
2740
52
409
865
37
656
194
109
10
82
274
74
197
340
356
281
125
125
153
64
557
164
116
37
362
424
125
4
1825
4
208
85
1445
109
829
424
272
17
117
185
541
673
40
274
529
1557
185
265
130
650
233
2045
405
242
1220
634
277
441
338
170
17
241
324
457
173
36
81
178
185
541
261
333
52
164
146
5
49
250
776
634
185
929
522
185
41
500
181
1060
1681
890
26
265
9
245
1514
482
16
464
164
1153
18
180
394
306
164
36
53
784
221
954
293
1385
181
89
265
629
377
128
113
149
5
104
130
306
1249
82
388
637
157
401
229
457
164
73
41
41
250
250
45
130
130
148
29
208
241
298
49
1513
212
82
530
1813
20
265
409
116
400
325
90
1053
400
25
689
117
317
185
724
128
242
265
338
338
754
137
900
256
164
205
41
41
16
36
580
370
1469
221
689
157
1000
493
580
221
242
89
421
314
125
148
212
625
125
425
500
733
386
1025
656
81
900
1433
45
505
650
173
196
272
610
148
9
122
65
1277
740
85
9
194
450
562
340
81
241
801
101
136
706
445
212
164
313
50
1090
45
305
410
17
49
144
245
425
970
208
25
169
689
740
233
733
170
613
100
730
232
778
180
689
580
5
260
41
101
269
1352
5
625
80
26
100
290
200
250
265
306
36
745
225
298
1138
125
493
116
585
89
441
293
157
289
97
73
100
914
400
373
164
729
212
337
1
605
884
20
185
962
436
1025
185
53
109
425
194
225
250
725
765
801
80
1250
586
61
961
80
277
360
25
41
85
85
424
629
221
292
505
562
85
484
49
196
914
16
562
169
653
136
40
221
353
104
1
106
225
74
365
180
97
226
1138
229
272
757
25
362
410
13
977
121
5
100
80
52
821
245
340
65
250
125
82
65
1000
73
293
648
289
370
628
137
305
442
545
685
208
442
170
353
464
340
289
293
74
208
5
593
481
49
234
116
53
325
5
26
324
85
74
85
485
218
73
13
68
512
130
34
20
81
113
144
593
370
9
85
360
81
106
640
386
333
441
256
250
50
800
313
905
250
370
90
757
333
317
194
449
369
724
353
522
2
68
52
1556
450
225
40
185
648
65
130
349
90
144
405
185
157
200
208
277
905
34
980
754
370
605
449
1517
90
58
1060
85
173
650
5
113
205
505
225
61
1586
1444
1170
50
797
314
170
145
1073
65
109
169
409
1417
677
157
164
41
269
260
484
337
337
289
313
257
136
820
68
45
104
9
997
4
900
340
1450
52
40
265
232
16
53
49
404
29
74
340
648
296
842
490
41
90
0
265
340
1450
340
245
130
80
450
289
234
4
64
37
90
10
26
196
962
41
401
74
1889
136
794
65
761
153
425
641
170
200
500
362
196
457
173
949
244
592
1394
18
100
961
81
441
193
260
965
601
452
85
442
953
257
765
169
725
488
61
317
49
292
740
130
596
281
234
290
185
200
265
45
740
394
144
197
197
1810
36
0
85
676
145
530
788
788
229
50
1
577
16
36
169
257
16
746
325
97
1682
325
16
298
626
481
52
389
10
981
52
74
90
314
64
530
121
36
457
130
634
181
802
409
37
401
181
81
360
130
305
709
325
394
100
173
104
424
1025
365
125
162
113
661
538
617
85
325
1
10
1
452
221
26
937
306
221
484
82
292
500
170
65
409
194
234
145
289
89
80
730
458
169
272
1872
5
137
500
986
324
104
65
788
1476
136
290
298
100
290
197
1354
272
10
82
37
52
5
45
425
196
4
85
269
545
640
738
100
52
241
90
226
178
45
625
9
290
353
196
305
34
256
340
104
929
733
52
274
81
196
170
1130
80
205
1258
1258
25
1417
200
97
32
74
445
16
194
554
10
137
265
194
1433
98
221
61
292
185
17
1021
157
1282
16
538
5
20
481
244
178
377
1469
82
1010
441
305
298
1138
810
104
325
82
416
218
5
730
985
452
769
146
261
221
505
61
5
461
145
244
338
196
34
149
370
65
797
801
281
677
130
820
25
676
505
484
1061
325
226
34
8
221
90
290
113
725
353
45
20
4
1433
520
500
202
37
296
772
257
512
1394
305
778
1033
260
50
137
585
1
5
101
404
900
196
593
125
369
244
116
26
229
1256
394
85
109
650
1352
34
85
97
5
50
85
580
233
85
505
122
16
637
49
125
328
85
356
610
421
416
85
386
221
1378
50
257
85
104
520
20
245
250
1466
82
65
41
185
292
293
292
80
464
125
121
200
130
841
269
269
136
584
841
529
269
685
116
521
229
481
146
104
400
25
25
82
872
464
13
146
389
400
49
362
52
677
45
325
400
857
320
89
578
173
576
424
125
442
2
692
180
85
1
269
257
290
180
820
290
65
26
565
170
121
397
353
221
173
676
58
149
794
740
800
305
130
673
328
425
80
20
200
445
637
793
1828
377
445
137
241
457
173
169
130
20
162
401
32
170
116
377
873
970
218
26
269
593
365
370
325
221
461
648
17
194
1076
173
8
325
173
394
208
181
145
52
961
1325
657
221
10
425
170
145
221
109
4
136
293
793
178
97
29
25
4
450
68
356
89
362
377
9
293
529
325
100
628
650
277
801
90
313
841
81
122
146
58
389
1681
180
269
289
101
245
125
162
441
169
196
290
10
146
410
208
481
565
169
116
2
361
130
1205
601
1061
260
1361
0
80
233
250
401
40
149
181
458
100
593
153
810
557
212
293
585
221
900
809
257
0
130
9
116
377
305
724
196
85
520
637
337
234
277
794
293
85
20
425
1109
485
200
436
221
130
8
221
328
74
125
578
657
50
65
180
121
628
72
277
601
50
521
485
898
593
53
125
340
845
529
72
377
314
72
1322
10
386
685
52
29
314
1258
121
545
178
5
73
673
850
97
261
225
410
320
244
610
1017
41
394
37
809
794
41
90
761
193
365
45
197
468
641
292
81
1765
74
5
740
538
25
274
1268
121
1181
10
277
109
17
1037
477
65
800
58
122
260
500
13
810
160
485
8
34
2
488
449
765
34
338
45
202
200
26
401
104
208
514
260
10
661
212
1097
170
45
5
650
676
1972
1849
9
409
10
137
281
169
32
117
793
257
521
121
218
81
85
1
212
194
89
136
488
144
392
34
13
746
106
592
45
25
657
464
725
377
226
450
164
100
100
250
34
205
305
377
272
725
45
85
1
97
397
565
244
458
61
793
90
10
449
50
194
0
793
360
29
144
405
25
50
29
340
666
197
257
305
148
613
578
765
765
5
157
596
65
370
410
361
545
328
41
328
82
146
50
290
1105
45
149
612
1
193
89
221
82
218
653
305
289
261
10
793
272
349
4
5
225
637
520
289
64
481
306
452
89
746
293
250
0
2
1160
250
1145
122
245
260
85
25
521
197
841
706
25
20
125
109
53
16
10
121
144
680
725
193
954
8
25
457
593
180
538
64
890
425
922
850
769
52
81
289
389
16
801
26
1274
197
25
26
2273
1189
178
225
17
90
389
13
845
289
73
50
1157
113
16
116
65
226
58
81
545
401
185
200
1033
85
232
1189
580
90
409
9
20
362
196
101
130
180
145
208
530
53
1037
584
281
900
5
85
965
410
53
306
5
845
1066
5
601
397
170
1588
1154
13
245
505
17
320
400
130
32
397
1
650
153
221
656
596
50
485
10
9
2
338
26
90
328
697
34
650
36
593
514
52
409
169
196
482
778
313
505
169
18
29
221
584
441
148
90
424
49
178
117
424
569
288
325
101
65
144
145
1028
9
130
260
500
122
85
746
121
89
250
296
634
40
457
173
340
58
1352
52
180
1
265
148
290
1025
194
26
130
2080
617
117
144
320
181
225
101
53
20
442
833
2026
164
162
20
769
1241
941
484
625
160
89
545
306
340
68
338
365
4
205
738
433
292
29
1225
208
505
725
205
221
629
164
221
541
697
1325
242
125
634
680
488
74
689
41
585
261
1028
137
81
522
121
121
205
29
50
225
265
50
205
961
625
90
85
349
17
425
164
82
328
9
1616
388
1
340
245
1040
274
586
425
16
9
85
529
569
841
821
520
178
785
148
265
137
441
101
441
144
178
293
650
244
4
997
1625
557
185
170
40
292
85
8
160
58
218
394
136
221
1
100
337
170
64
360
365
232
377
113
901
1585
397
117
298
153
37
101
404
125
16
185
677
650
8
125
865
73
1009
765
208
16
314
850
148
37
25
245
842
730
442
169
362
269
113
5
116
482
904
50
113
433
433
41
1476
85
433
360
81
265
65
612
200
122
221
170
521
1076
325
68
296
149
160
890
1040
458
145
625
65
1378
565
356
484
733
628
232
261
1
122
628
505
58
205
260
229
40
117
1082
148
765
200
144
386
32
65
4
785
81
554
657
477
369
80
136
9
53
185
712
49
260
20
725
584
740
377
362
208
337
569
9
170
73
370
169
1009
1832
765
466
34
4
442
18
169
170
677
18
173
269
482
90
5
8
1033
25
130
433
49
221
104
340
353
565
377
1105
916
980
32
482
37
272
785
74
612
370
65
754
144
325
58
593
317
325
370
9
289
261
1037
394
49
106
585
298
634
185
593
409
445
452
449
629
50
185
80
244
626
1440
477
610
349
74
100
776
490
377
52
500
325
1156
52
233
1537
9
290
400
724
505
148
64
634
202
842
90
685
72
205
274
549
441
50
4
356
388
145
64
29
1352
1124
533
128
657
26
170
578
81
450
269
153
296
73
194
221
490
692
90
16
41
16
666
290
52
162
317
13
61
185
145
290
157
884
674
500
464
221
72
325
160
116
137
25
605
410
242
338
25
365
233
400
520
17
265
1025
548
64
533
169
425
9
521
388
73
1168
610
801
481
233
100
673
185
745
65
1345
37
1000
720
554
1417
45
505
130
521
61
58
170
221
578
85
333
1636
34
306
45
121
85
145
50
436
325
256
160
29
68
225
113
985
170
565
89
40
5
221
346
157
37
101
194
73
488
58
1089
292
265
340
832
421
221
545
1021
162
0
73
493
1170
545
900
196
738
1037
425
484
477
306
833
250
901
218
1549
3025
34
25
225
596
365
900
549
1585
333
592
289
424
509
290
181
65
425
340
164
362
157
170
197
592
117
725
200
416
98
36
225
900
689
458
52
64
64
386
250
340
178
1538
100
25
260
40
90
97
205
221
26
593
122
701
545
884
232
197
52
148
656
452
545
197
64
512
145
41
260
116
485
1352
85
80
10
121
225
202
810
106
701
13
97
202
144
605
250
225
29
233
1105
225
225
464
340
73
1184
61
314
493
101
1418
146
340
325
370
468
577
85
325
61
232
256
333
37
1469
808
404
13
85
873
962
1469
65
100
225
181
784
82
585
82
2
50
349
20
49
81
45
1373
9
290
289
180
290
128
202
137
314
349
797
144
788
130
580
626
1481
977
145
125
290
778
80
113
677
10
1573
137
365
1021
45
225
170
586
65
160
196
136
16
281
400
274
324
82
505
256
101
261
436
200
65
197
521
101
272
281
169
144
17
26
289
200
481
1709
208
25
0
1412
730
277
9
121
461
485
65
221
757
85
128
17
36
226
205
117
106
674
337
97
610
153
185
289
20
5
130
1306
125
241
388
144
356
554
400
1125
485
401
122
505
832
116
145
585
1021
113
884
349
229
578
290
522
914
18
49
145
26
356
16
26
337
265
549
25
85
52
232
340
1
281
509
325
370
500
697
400
401
200
961
202
346
40
346
106
386
500
738
250
325
328
424
477
205
260
221
205
194
369
365
410
260
1205
113
173
4
32
1721
405
146
74
901
125
160
1090
433
265
170
1130
52
256
200
580
89
493
293
226
1370
82
5
317
481
1440
218
212
29
1117
449
17
436
1
797
41
1568
170
577
293
180
25
493
65
256
45
72
49
53
145
148
746
170
313
65
100
289
137
1314
85
130
314
73
500
1300
2
82
50
64
25
185
449
40
306
45
493
17
949
160
9
146
245
169
1053
1210
565
265
810
405
50
218
773
250
904
1069
117
401
1697
106
41
388
101
225
1090
149
305
625
145
449
104
548
170
250
234
925
701
1076
265
593
545
829
941
229
34
40
72
74
900
2017
200
400
145
274
554
65
377
193
241
493
97
346
162
153
37
229
117
305
289
170
4
914
365
122
153
73
257
146
800
2
225
1000
576
116
277
37
146
377
200
394
52
50
194
145
520
452
0
265
250
530
8
68
65
1249
61
226
58
13
356
218
41
1124
117
64
484
685
325
801
8
520
29
16
117
377
377
970
73
16
100
1088
274
197
340
160
449
173
58
349
5
89
250
117
265
1658
1476
226
320
181
97
260
349
113
521
61
641
929
144
144
34
250
125
74
200
650
317
97
365
74
5
40
58
173
637
136
400
401
441
613
212
1060
29
936
145
109
356
1690
289
196
512
53
109
650
522
401
277
698
26
754
144
373
328
65
241
10
1237
26
1258
585
58
173
409
29
1345
65
637
194
90
884
610
293
130
821
296
5
65
9
52
98
2
130
109
106
90
356
1025
405
2
445
1873
178
146
61
185
377
49
178
85
405
433
1117
52
785
1
100
605
848
349
257
65
202
340
293
754
85
1370
13
1217
338
52
233
2
709
800
226
298
458
370
160
409
1780
17
170
116
17
457
424
125
362
250
362
289
50
80
202
610
289
65
25
32
49
125
160
20
36
500
324
101
676
981
296
81
29
225
656
409
148
277
328
533
26
41
865
5
290
85
482
194
100
100
17
441
1453
346
425
100
25
628
100
520
200
514
288
164
73
433
49
410
25
533
466
986
26
305
193
68
170
365
116
261
458
305
98
261
49
208
1
45
916
305
13
1450
202
586
346
225
521
538
225
34
369
1108
765
173
20
225
32
106
484
580
9
58
37
121
185
9
954
1138
45
305
1256
73
538
244
549
34
377
50
1
256
100
562
306
905
328
369
290
514
9
173
488
229
544
185
53
392
16
89
170
905
281
36
100
442
617
1040
68
673
153
346
64
36
232
128
218
2504
905
64
773
421
5
64
100
898
557
493
328
72
4426
178
400
289
349
281
16
8
557
185
317
914
49
353
785
317
349
1233
328
221
725
265
180
125
265
90
500
274
617
125
16
1314
640
544
137
625
260
58
20
89
205
16
405
405
100
1
81
320
314
164
250
212
144
554
340
845
157
260
509
410
729
0
505
101
317
481
605
457
37
802
338
250
173
53
485
50
116
125
362
193
841
61
145
404
205
493
320
97
64
9
818
306
40
320
234
1037
757
1549
388
26
529
850
180
149
232
25
2
488
13
25
289
565
49
433
485
1037
85
905
272
820
477
98
25
1690
900
169
17
170
25
565
521
221
153
5
229
50
137
613
1213
585
25
425
116
325
397
72
116
225
261
388
625
485
113
65
36
848
17
5
106
49
37
1060
221
872
290
229
425
578
169
116
26
197
441
5
305
481
261
136
365
677
225
18
5
85
333
337
5
29
181
522
256
169
1346
256
445
41
65
137
100
146
400
36
289
337
53
130
9
405
16
625
50
89
298
365
325
265
241
49
340
121
82
293
821
2
170
180
106
81
356
130
65
1066
121
820
17
404
170
136
680
650
125
389
416
505
169
13
18
377
170
8
50
1
1053
100
194
100
260
4
325
85
1160
36
221
361
160
202
232
389
18
900
320
584
1165
610
373
58
541
997
41
314
74
5
640
50
340
80
181
338
244
1093
41
292
117
149
493
226
338
541
250
85
149
290
349
117
185
656
41
256
149
685
97
130
490
1234
13
650
388
106
9
277
1261
49
160
937
173
298
106
122
629
49
68
328
653
9
400
29
360
410
1
320
234
104
500
17
173
82
109
52
692
8
100
68
145
365
626
488
65
26
26
1642
26
298
845
130
1
706
200
269
485
178
17
197
260
9
250
82
1108
457
233
425
261
153
377
481
9
637
1933
117
82
521
481
584
421
97
125
225
130
533
320
153
925
845
205
125
1037
314
586
754
145
121
100
324
325
17
89
289
673
85
113
241
145
272
610
149
362
612
610
50
36
1744
1241
445
890
53
145
117
884
776
40
80
845
58
881
8
272
533
100
250
296
289
81
884
25
685
1090
113
576
512
36
97
41
580
397
628
612
144
325
541
26
29
146
20
205
104
370
178
50
288
81
320
16
125
100
205
305
296
73
328
269
169
106
356
73
481
729
121
261
64
404
173
1053
365
325
436
4
221
20
68
250
52
13
8
293
17
641
200
562
305
36
181
100
778
85
53
289
5
169
72
409
68
68
592
610
25
1700
208
32
1370
949
58
401
410
605
634
306
125
25
181
148
100
370
661
314
650
18
145
20
709
256
145
629
40
449
1733
234
81
169
761
5
61
305
692
100
277
901
97
25
194
953
793
4
5
776
50
130
13
488
484
200
533
173
1924
605
1418
425
82
250
169
17
178
466
389
145
450
178
360
409
653
50
13
257
9
797
578
0
317
121
89
289
98
17
169
225
445
130
477
377
490
281
40
793
340
360
97
730
25
1053
85
554
40
845
698
9
225
104
392
290
82
925
1017
324
522
41
565
377
362
221
485
233
80
340
360
64
49
313
121
745
576
1010
157
293
65
637
1
1681
90
449
401
1053
5
85
653
82
13
146
85
202
144
3112
122
100
234
153
26
850
288
909
1130
1237
1157
45
306
0
145
8
89
116
10
233
45
360
89
81
41
818
64
106
61
1481
148
225
305
320
260
25
1521
181
569
985
653
41
265
1325
689
625
101
505
20
125
401
68
16
116
37
85
676
394
337
82
337
185
208
85
673
65
445
648
85
29
629
976
146
272
160
13
164
226
65
104
754
400
146
52
58
25
36
164
833
1172
229
754
113
436
45
41
409
250
40
205
40
101
97
640
16
964
592
241
162
281
200
712
356
136
2257
1088
29
113
626
1013
425
884
72
356
661
185
370
121
100
197
104
68
397
26
208
466
117
225
73
148
50
74
557
36
197
81
72
29
116
932
269
205
2404
4
580
1445
1170
386
98
612
64
170
901
125
2245
85
673
928
53
404
626
74
180
514
722
65
410
765
72
170
1217
362
841
712
90
605
181
229
712
49
173
65
40
146
97
117
1433
148
981
130
290
130
205
173
64
674
296
1709
905
98
388
461
58
257
1234
185
629
725
89
233
500
610
145
178
29
261
244
68
180
125
25
116
365
1418
337
305
81
128
400
181
305
13
34
509
724
125
810
100
136
650
296
116
89
340
325
200
50
484
81
953
313
650
221
117
1480
468
90
149
290
377
81
493
288
36
0
58
325
509
580
170
53
288
13
80
290
173
241
4
17
293
17
261
65
340
72
212
481
25
260
64
85
81
0
225
272
74
185
1525
173
17
901
346
36
314
52
269
569
10
148
538
292
61
245
200
369
1090
801
98
361
365
356
25
250
221
416
205
533
613
130
29
0
18
313
629
25
725
170
90
170
353
409
1732
400
250
260
80
101
265
160
169
52
521
613
541
337
613
800
185
226
445
90
370
500
9
185
80
125
289
109
5
74
169
32
305
305
674
653
170
400
338
261
493
162
1066
337
272
25
361
689
689
320
394
490
730
265
466
196
801
80
130
109
1544
265
724
362
68
457
13
569
610
212
45
185
808
605
185
820
1348
37
82
16
221
256
153
205
745
601
106
697
98
232
144
40
82
666
784
148
194
149
409
37
17
365
676
493
146
466
626
36
16
185
146
164
170
490
36
109
196
4
212
232
17
145
18
121
221
1721
32
58
464
148
85
65
64
449
113
117
349
232
625
37
641
296
49
208
202
529
441
277
8
538
117
338
377
530
338
485
680
1557
36
232
313
346
610
676
9
400
125
625
148
605
1514
346
548
64
338
1025
625
109
410
149
50
145
928
173
416
261
785
5
104
265
104
104
365
2482
205
346
394
9
100
256
109
9
13
65
164
20
370
106
17
325
45
169
225
25
173
170
202
144
481
808
256
257
925
196
181
125
648
8
292
194
400
113
272
221
25
1025
392
25
458
130
617
901
1361
34
404
457
202
485
269
442
40
185
17
314
257
256
50
369
1210
1025
514
130
20
901
193
565
145
41
36
493
305
305
2509
884
306
349
314
293
113
36
109
674
13
545
400
241
113
16
130
298
50
136
401
5
196
2
1417
1090
925
545
193
122
730
185
160
757
325
250
65
676
306
360
197
1066
85
232
125
49
26
305
65
500
160
113
450
900
745
298
4
104
257
193
65
205
8
40
100
100
194
269
153
325
685
340
288
208
433
324
250
421
25
324
162
890
449
4
149
212
586
130
149
245
9
740
265
1250
466
1130
865
61
144
100
290
245
205
1285
388
794
324
601
289
170
884
949
68
242
1
37
65
52
136
49
85
117
2
233
53
221
18
196
101
305
144
605
306
820
90
820
452
205
425
370
181
34
173
1930
793
97
1381
1040
20
9
466
545
485
305
85
178
53
58
125
452
500
626
25
225
653
505
90
164
104
457
629
441
61
16
272
505
650
370
101
145
52
58
145
482
505
265
754
49
1205
144
104
394
628
306
548
712
113
881
121
720
74
197
16
185
225
148
194
1300
2197
298
650
29
533
52
225
277
730
41
425
109
637
1
160
250
289
109
148
104
52
260
225
369
904
433
337
221
1033
197
362
1025
8
261
477
305
809
1800
100
202
1810
442
657
449
305
554
800
36
601
225
484
592
180
730
433
180
1993
349
493
833
178
136
260
577
121
290
109
137
20
361
493
130
25
613
242
90
20
148
181
205
360
481
9
2041
116
225
4
409
25
65
365
596
169
746
397
89
37
0
305
45
1418
205
100
113
41
509
1940
365
17
128
221
85
73
394
144
45
1465
130
169
221
160
153
1313
298
250
80
49
17
325
17
73
586
405
601
128
162
148
72
196
144
673
481
29
410
725
68
98
529
9
1241
338
5
100
157
305
274
585
0
36
650
81
576
89
10
34
125
128
117
90
13
776
16
65
320
148
145
100
50
202
612
45
680
257
905
146
122
410
164
1417
1553
2785
1280
61
490
701
1202
292
305
269
205
122
232
349
153
36
45
290
458
388
377
0
565
170
117
16
818
41
65
208
100
26
250
346
9
178
137
436
281
1073
545
1
25
1570
361
26
233
257
373
509
197
130
25
578
130
106
445
130
733
1049
49
421
657
904
85
292
365
100
986
1108
484
320
404
650
409
170
314
85
1
373
25
20
277
514
81
101
85
257
178
365
256
314
20
45
729
68
333
68
234
29
340
400
101
68
1429
394
109
269
10
117
845
890
16
738
2
81
25
100
146
221
53
500
298
298
577
292
234
101
137
832
520
569
452
244
65
441
72
32
193
397
169
34
178
100
386
260
160
128
25
388
20
349
205
40
37
314
82
5
397
1721
565
17
697
148
146
1145
272
1138
514
205
85
106
290
370
40
292
250
521
193
261
148
1930
205
657
85
773
136
125
61
173
81
212
82
257
261
1261
100
520
325
305
425
289
36
257
793
369
229
436
626
58
793
89
845
1312
2125
17
26
353
1168
8
185
13
565
601
305
740
244
117
482
40
477
288
100
340
202
725
405
257
4
229
464
325
45
637
97
41
433
73
45
8
181
500
1025
16
277
394
17
20
353
689
144
40
377
697
145
538
1025
164
548
386
1460
52
40
202
785
221
32
340
90
377
340
400
109
677
61
360
697
338
265
850
801
136
16
317
36
529
41
52
125
377
17
325
985
1145
400
196
241
36
965
730
585
433
137
125
1090
377
338
557
233
900
1921
250
289
349
565
2041
565
74
153
625
361
64
26
256
64
884
13
193
320
164
338
26
884
520
20
194
32
450
585
272
325
128
125
194
533
680
1658
898
125
788
145
244
530
625
328
265
37
144
850
425
225
338
197
73
493
785
226
164
626
877
25
26
493
1853
9
232
202
320
905
8
1305
701
149
349
218
745
196
100
18
377
218
149
212
4
229
442
680
178
445
26
722
97
256
722
592
877
137
25
125
810
5
1082
545
533
425
421
197
441
289
250
349
185
617
170
148
36
1076
130
362
89
882
122
328
113
80
145
377
349
265
144
1
50
520
194
260
797
961
205
338
260
1
234
488
117
1
661
5
261
733
64
490
65
208
218
148
146
4
445
16
9
8
26
324
16
121
113
1940
400
545
116
485
832
125
477
89
397
104
530
130
530
130
288
164
72
1285
289
1069
296
441
481
40
296
89
125
244
292
229
101
425
761
442
290
389
106
109
125
100
8
292
522
290
328
65
545
261
205
10
530
205
1145
698
365
610
274
100
98
25
109
541
401
208
148
369
441
144
125
260
325
218
337
250
841
610
586
73
338
962
221
145
740
485
226
90
338
656
818
296
490
457
626
356
20
493
181
1165
85
16
2
17
450
500
1037
173
97
29
340
146
18
9
394
365
221
40
261
2560
17
1664
229
89
61
173
25
277
821
740
610
250
41
109
520
146
800
100
205
202
625
549
421
157
160
80
449
261
26
650
41
8
4
116
340
265
25
85
738
677
148
377
1220
788
313
421
1
1154
125
970
997
666
121
40
325
40
80
2
148
169
109
144
148
5
725
325
157
625
261
674
277
40
36
697
306
1205
116
193
425
901
353
81
306
410
577
290
185
5
45
29
1066
325
505
244
746
208
1261
529
130
73
500
289
482
180
290
130
16
466
180
477
173
29
397
153
625
181
362
164
356
296
106
157
29
205
724
49
136
20
4
629
18
746
50
377
452
424
377
5
362
169
653
157
388
212
64
113
80
149
289
26
1745
18
212
169
26
361
49
392
800
5
724
200
4
29
481
65
818
305
202
153
793
250
370
296
234
257
29
850
464
136
449
481
1109
584
25
90
121
145
109
73
65
225
130
80
1297
185
200
193
26
500
34
404
317
698
61
145
360
90
250
578
49
754
260
9
149
1073
370
986
169
242
794
10
328
36
325
1040
520
41
36
5
122
260
145
673
18
421
242
601
136
580
64
17
260
97
1522
250
58
569
13
49
145
464
116
801
225
416
361
1184
362
17
901
13
290
100
25
377
530
26
314
52
72
776
36
106
596
650
58
521
650
509
400
333
1069
149
256
232
4
317
650
20
674
481
776
1129
533
1
113
400
909
89
26
148
421
746
145
484
97
346
442
370
146
898
314
340
26
90
298
452
317
449
298
292
392
82
576
146
712
58
148
49
481
16
200
514
778
25
484
17
74
653
881
346
49
1076
290
541
85
493
452
290
265
10
20
841
185
117
485
485
193
2560
45
1105
0
625
466
1681
80
265
234
130
20
40
202
250
208
160
493
733
18
353
325
261
26
733
425
109
125
5
13
585
545
122
586
981
53
97
50
37
522
52
169
85
482
674
65
1285
64
628
794
776
298
370
25
45
890
289
676
226
136
232
50
130
212
20
13
52
305
257
405
533
98
68
306
13
89
53
421
82
25
1154
1061
1093
41
325
850
10
1040
388
281
981
130
73
370
194
145
85
442
1681
965
261
100
746
801
1192
13
17
260
577
1066
296
505
97
661
2368
1637
468
34
205
196
544
20
169
1252
692
97
73
200
169
306
226
261
29
193
808
25
0
178
5
272
117
34
80
389
218
149
394
157
1010
36
41
61
370
58
100
130
578
325
500
25
2137
421
272
101
832
104
160
109
194
130
866
377
1
125
20
73
745
605
458
522
121
557
338
73
337
793
208
370
793
164
205
776
233
1625
116
10
25
809
481
90
181
100
125
41
544
801
146
261
298
349
296
58
97
20
325
533
784
164
554
493
50
149
317
196
194
97
52
377
2
200
0
117
333
577
850
730
436
925
466
612
25
136
425
80
585
80
968
820
241
265
36
676
8
153
193
361
145
701
164
425
296
5
80
100
100
225
260
196
392
401
130
808
281
445
145
457
324
50
809
596
256
45
64
245
212
137
481
953
32
221
820
52
137
2269
25
58
650
244
265
106
41
58
97
197
617
289
250
1025
269
173
45
180
677
794
97
41
45
265
1028
137
941
45
25
16
733
250
772
1513
361
149
104
289
289
145
81
173
1160
225
701
634
850
388
1010
442
29
900
505
146
362
613
1874
25
16
40
100
202
785
468
26
218
16
400
520
26
793
68
841
25
260
685
100
797
225
289
338
416
164
2
529
40
37
1093
225
229
409
725
1250
13
160
1258
234
58
733
121
101
64
288
257
136
26
29
82
261
685
234
292
442
400
185
481
25
89
353
442
650
130
548
157
1105
1
205
5
221
2
173
68
65
85
41
73
274
229
9
809
2041
25
610
522
65
1
80
25
1073
2029
178
185
205
45
242
169
81
436
841
1445
80
2273
725
72
162
97
221
445
292
628
185
221
4
477
241
232
5
20
242
245
20
610
85
274
52
1538
1258
74
164
565
34
233
1013
445
20
116
181
442
522
146
100
26
389
362
373
265
64
18
178
81
1
401
233
317
482
724
1073
1217
52
925
221
962
725
185
29
144
541
29
1060
1109
225
436
1090
370
485
49
41
905
425
324
377
545
634
18
866
205
530
1
50
109
356
9
490
929
4
225
900
500
724
724
82
637
49
122
866
500
320
738
533
200
353
1017
441
289
320
274
529
500
32
144
61
673
584
36
793
601
477
25
136
522
452
130
314
29
245
10
72
421
116
720
37
985
61
585
97
320
433
49
425
640
593
404
425
985
65
317
500
16
746
90
377
157
232
85
949
2041
265
794
97
244
361
10
64
1009
45
450
442
361
676
338
442
244
106
145
25
500
25
458
145
45
788
900
533
4
4
725
640
785
981
653
205
306
325
292
245
169
274
370
53
225
512
274
320
145
328
125
725
173
689
2
193
25
477
261
797
149
1321
225
388
128
208
625
196
464
1341
580
257
144
866
162
180
9
909
1296
317
74
701
20
936
34
194
13
245
25
529
100
181
26
196
53
13
765
653
221
257
10
80
130
772
26
157
194
545
9
505
650
829
1600
200
74
320
153
197
289
200
293
157
389
116
461
10
36
1
25
425
740
178
500
40
481
8
281
13
1000
65
400
17
109
16
769
674
689
180
2
245
313
193
185
49
328
1874
85
548
40
212
121
962
61
193
68
153
1053
394
26
225
61
746
241
89
394
482
136
445
58
196
49
281
122
676
720
314
353
370
32
202
136
298
65
81
265
730
289
221
29
25
125
2122
221
225
580
612
29
109
529
1009
34
325
386
317
2245
365
680
1322
58
386
106
121
325
225
289
1480
260
260
340
170
765
148
17
314
74
40
160
776
610
545
8
113
205
361
317
1
36
464
1492
377
1040
170
169
52
450
148
410
650
173
377
89
58
577
202
754
289
360
53
353
64
290
290
221
333
170
986
397
565
1217
793
505
820
324
85
1469
409
85
765
320
81
4
265
520
193
848
545
1025
377
65
45
265
36
404
153
64
65
50
121
185
144
117
338
98
801
545
0
610
256
37
452
74
65
64
68
821
29
61
121
538
625
356
845
32
292
533
32
820
178
410
49
410
68
229
68
2029
1096
49
936
144
388
610
148
317
373
701
1348
362
458
865
241
1642
0
720
116
0
340
317
545
845
245
13
241
65
104
305
25
1017
41
676
226
122
89
106
452
169
1249
305
298
121
90
218
98
74
842
117
65
313
149
106
226
530
232
274
100
90
493
305
53
1636
85
145
325
932
629
261
325
520
949
225
226
370
97
113
845
530
450
202
117
269
601
90
260
34
685
712
808
296
325
353
529
666
333
181
20
449
130
425
205
450
585
360
377
512
180
37
905
754
425
1681
293
293
194
593
164
181
317
45
68
37
145
317
32
666
340
221
58
740
90
289
250
485
26
26
692
1096
148
296
89
353
36
482
593
1360
157
425
697
548
377
9
650
848
488
1153
706
130
416
565
73
401
356
162
1229
325
1
53
233
25
89
205
353
2762
232
68
104
565
20
794
1160
421
481
41
389
338
1130
205
85
256
369
130
680
425
241
610
89
1
233
1010
65
484
389
100
205
185
26
173
98
401
17
1114
388
61
10
2
185
37
194
424
185
274
100
157
610
100
482
109
425
32
377
145
841
361
101
481
394
445
25
89
137
360
225
629
634
34
745
72
13
701
113
68
90
97
269
45
52
13
346
81
100
97
325
37
137
20
241
361
49
1
85
394
461
625
109
409
493
106
250
221
370
884
320
424
2
370
634
109
985
298
320
505
34
281
697
106
265
765
160
16
128
256
226
244
720
130
180
530
170
121
586
626
1037
464
421
466
65
361
612
461
26
113
1476
16
97
10
512
194
356
68
356
20
554
289
68
194
481
208
689
593
173
40
274
1233
185
533
157
20
106
41
113
592
169
325
221
52
245
436
773
997
106
225
530
185
100
229
65
522
746
41
256
173
293
1145
801
485
25
1
565
125
40
233
265
36
109
485
45
976
325
233
97
461
4
964
25
153
2045
80
545
533
245
9
613
533
1
72
4
386
981
144
293
730
965
197
160
61
541
882
277
317
121
657
464
416
490
197
416
128
289
449
538
490
260
481
160
36
1
197
17
200
1105
16
101
202
34
1025
2381
58
450
29
73
362
45
122
964
178
82
97
229
52
0
1285
360
584
116
1220
289
178
449
104
1025
290
250
180
340
26
40
360
544
484
1664
657
202
36
164
925
272
449
793
65
9
514
754
40
208
205
130
277
401
130
4
394
724
1213
338
80
82
181
34
697
340
130
144
2402
1402
25
121
1681
173
529
450
196
73
433
601
1258
1450
34
629
181
388
125
233
290
725
202
314
153
50
196
104
106
136
29
484
585
925
818
965
810
8
10
392
773
289
18
225
25
205
466
361
865
82
90
72
325
377
904
5
290
233
313
157
101
117
26
65
325
337
514
404
16
121
898
225
305
857
1
41
293
1225
169
260
197
884
241
18
400
197
757
677
113
82
36
194
4
13
325
520
61
490
409
677
52
65
37
218
81
436
10
121
200
4
101
325
656
533
50
194
98
325
530
370
122
25
832
136
97
442
34
1466
1600
485
977
793
521
200
317
1360
745
1314
569
137
1
26
82
356
562
673
298
865
290
233
900
153
884
169
377
333
692
125
325
121
233
538
260
1345
85
898
181
346
146
457
256
41
104
90
500
466
442
533
153
4
229
1010
416
601
18
205
1521
37
377
41
905
58
241
1193
193
193
565
250
153
292
68
578
185
5
65
234
245
305
226
625
45
36
18
72
520
1810
809
468
117
765
410
274
458
340
160
320
250
346
173
773
173
241
490
130
20
74
520
53
148
256
81
625
169
81
1666
73
2
872
18
13
416
468
65
562
74
49
37
50
369
290
29
205
45
914
128
488
296
49
225
52
1258
1556
810
305
9
104
25
4
106
193
25
337
121
740
410
685
404
97
130
25
157
490
41
565
901
377
325
45
245
260
173
1165
416
205
26
250
592
113
160
256
821
225
100
265
1018
325
1465
585
260
289
548
50
293
377
8
365
173
962
173
205
245
29
569
180
193
349
185
170
3042
232
445
81
785
585
629
698
97
89
37
1025
65
808
109
442
362
585
290
225
661
226
17
221
29
776
521
500
450
461
514
173
482
578
585
445
346
1345
145
80
169
125
85
580
697
73
650
41
1565
265
82
914
1220
244
2018
52
365
397
244
193
49
1492
509
225
685
125
144
244
689
169
170
125
146
673
229
34
545
169
937
261
981
17
162
145
320
50
145
277
1000
569
477
65
369
369
106
170
1346
1193
64
68
100
610
981
225
692
320
145
450
290
4
50
493
1217
185
313
325
421
36
250
362
101
784
2
821
533
221
234
333
521
50
8
305
13
205
170
205
1450
74
85
128
290
505
401
61
122
45
905
10
985
1073
125
290
520
845
64
340
785
656
905
493
386
212
529
937
369
481
37
365
1865
202
442
17
356
200
233
290
313
185
125
928
1028
185
8
370
16
965
1217
100
81
81
701
185
292
445
125
425
100
346
130
265
137
197
13
265
232
269
593
1
157
81
261
121
45
293
10
13
242
113
52
4
145
676
200
1517
10
181
377
340
125
58
185
97
745
338
37
565
481
85
265
629
98
25
377
85
109
1322
442
89
40
85
146
1130
2308
545
160
650
128
170
1665
433
10
493
725
52
145
260
953
72
97
52
370
52
1
365
850
324
104
68
324
234
25
845
100
18
520
241
449
585
100
277
425
697
1
488
200
4
65
674
50
181
36
196
265
325
225
829
5
145
361
49
122
221
650
37
169
61
2285
29
452
61
164
725
1010
25
29
656
909
265
65
386
650
757
841
162
485
580
5
20
596
185
20
1
85
361
554
53
250
866
89
701
146
80
1168
109
85
68
306
113
593
36
269
520
125
292
45
74
10
145
986
485
233
125
101
442
530
296
20
109
221
306
369
514
349
1017
577
596
106
104
109
37
445
481
17
10
162
40
400
104
370
80
520
153
450
900
37
153
661
137
53
1042
194
17
548
146
265
245
628
200
41
730
233
100
10
324
884
464
745
730
361
397
85
337
361
5
1073
1156
146
104
117
212
9
232
25
293
146
4
1313
452
101
265
130
130
173
221
730
405
10
338
522
136
169
362
202
333
1636
841
410
1090
16
416
121
250
137
293
226
169
52
1044
109
122
181
289
169
205
509
761
100
349
45
25
116
617
180
29
145
26
298
41
533
937
554
18
109
765
698
340
117
117
313
25
4
20
617
121
325
801
656
850
325
370
733
16
128
37
13
26
173
436
89
125
145
226
65
370
1105
82
277
185
229
9
153
509
162
109
169
765
333
274
64
85
277
85
488
360
493
593
882
20
1210
400
5
272
68
109
1480
41
106
29
949
122
514
290
121
769
433
565
49
149
25
58
205
17
410
20
130
173
1145
37
1053
40
101
196
404
202
36
445
68
977
425
289
801
74
333
324
554
5
208
441
173
436
740
148
74
100
205
340
260
221
225
50
1556
785
549
1205
65
313
17
26
50
81
144
306
500
200
424
40
394
58
97
74
85
117
157
136
340
61
136
125
45
961
520
1129
0
610
538
261
452
61
389
881
370
49
1089
130
109
1129
433
160
117
25
306
25
170
173
36
16
81
106
685
170
185
34
82
85
545
290
144
272
137
985
2626
125
13
425
617
25
9
116
269
928
34
562
173
50
82
353
481
32
226
16
360
65
109
53
729
757
484
565
481
137
218
765
306
2
421
680
229
416
196
53
98
130
436
405
442
202
410
117
324
74
169
125
58
962
272
625
260
485
337
61
442
333
130
405
81
260
122
68
328
580
242
260
281
61
369
225
730
226
50
9
52
145
445
369
13
360
346
346
505
680
1
250
314
9
148
424
1044
305
392
41
122
232
490
676
625
65
468
104
522
2665
194
113
493
65
800
436
576
452
53
178
1
208
194
746
324
125
740
706
17
356
64
445
4
541
36
116
484
290
173
53
40
320
50
1525
16
145
109
169
90
277
109
160
153
221
29
481
193
613
212
362
625
485
148
260
656
545
157
365
26
218
170
64
64
801
305
212
521
360
122
1730
877
261
349
634
212
477
80
50
68
905
401
730
1
400
281
113
320
314
306
441
794
361
450
424
36
10
85
52
73
761
410
130
272
221
205
738
650
377
272
101
377
50
20
569
1000
9
25
585
53
306
250
1476
328
157
61
325
289
409
530
25
164
1460
180
5
405
1073
1096
53
73
82
221
97
37
41
58
81
689
373
360
265
1
4
1
1040
81
949
130
130
281
641
256
1053
776
277
290
461
97
466
74
520
61
106
1669
925
97
676
36
58
305
16
208
202
485
293
73
20
289
1616
37
40
221
58
41
164
85
289
425
281
706
17
34
274
145
845
290
320
61
442
356
130
130
500
349
65
82
320
25
641
146
685
65
580
842
106
305
50
522
421
485
170
202
85
820
106
833
333
541
433
197
162
565
89
17
580
557
173
5
1354
73
121
170
389
674
793
205
468
16
356
65
97
74
72
1168
617
274
290
149
106
592
64
109
225
100
229
754
225
370
388
58
185
233
85
53
457
82
229
409
5
29
272
113
458
194
1381
226
962
985
50
450
628
328
793
320
305
202
1490
785
1154
29
373
538
202
584
130
100
113
425
17
320
305
549
149
808
40
205
109
397
1025
274
65
634
650
130
225
797
97
464
82
242
980
689
314
585
538
490
26
49
809
218
64
221
180
145
425
229
464
289
196
832
833
121
116
349
16
100
128
136
34
325
706
196
200
493
221
520
1040
533
212
221
909
1125
545
577
218
149
144
397
625
106
1249
370
272
137
541
130
712
45
400
530
164
949
26
269
324
148
136
529
725
73
914
18
25
5
32
612
1060
32
100
685
1058
26
377
97
45
205
500
45
146
82
601
181
80
325
106
45
468
104
488
4
10
269
25
793
689
85
61
85
289
3092
72
584
962
58
117
81
1017
765
1
97
125
41
149
500
205
100
554
49
121
225
464
193
97
720
290
629
1130
149
10
810
388
153
149
52
185
34
349
242
2026
296
122
117
557
125
256
85
360
520
325
650
245
89
50
41
73
450
500
136
313
10
401
40
729
146
146
360
53
288
81
314
666
373
370
410
26
593
928
289
365
148
349
85
281
49
1129
164
289
65
288
325
1325
10
421
181
0
40
738
180
64
697
68
160
170
64
337
178
149
29
900
149
949
1098
104
405
194
397
145
800
185
185
697
389
592
361
325
320
557
25
125
949
265
866
4
180
4
305
16
205
900
137
173
181
117
73
64
221
202
157
1
833
1
26
765
97
916
1480
36
261
250
153
244
593
530
229
25
162
244
117
221
49
882
720
449
784
125
10
661
362
10
585
1405
97
362
50
82
100
565
1028
85
36
26
505
45
392
265
505
0
466
74
169
845
520
221
333
673
82
584
100
577
578
73
65
221
1042
1417
106
296
49
137
162
130
97
370
8
1225
244
461
25
137
41
450
706
1285
410
233
1384
314
1042
1168
1476
8
369
148
20
221
205
97
410
277
485
808
477
144
160
52
436
100
313
225
505
425
1352
72
16
1105
40
677
298
845
986
410
965
65
65
565
121
170
173
169
0
1025
485
640
1009
306
521
104
466
40
485
445
442
50
601
976
65
256
61
689
98
1090
361
650
601
100
0
200
65
10
229
890
433
306
365
466
157
116
292
61
725
90
442
293
482
0
121
85
106
277
488
373
169
73
1013
306
173
520
1189
162
1010
20
257
178
481
37
25
8
104
9
538
200
521
865
2
74
961
370
685
706
16
80
386
5
650
845
905
10
1225
100
121
157
388
8
1313
4
325
1201
130
162
628
289
29
9
1170
1322
493
281
488
73
26
274
954
1313
200
65
4
1189
173
370
193
740
74
32
49
578
180
241
181
121
25
10
832
29
1018
196
449
145
164
149
260
610
401
25
356
261
173
221
5
520
533
306
976
397
746
1424
137
365
20
1033
5
97
261
169
25
52
305
100
981
221
586
605
745
125
221
596
0
232
333
680
394
481
1
241
20
153
1
52
125
34
925
325
16
313
425
485
841
58
0
226
61
256
522
584
25
481
810
25
116
25
1424
377
610
16
232
245
160
2
250
226
433
533
242
196
1025
218
485
272
1033
545
170
458
481
117
1556
269
157
605
1346
82
320
146
65
305
81
17
58
1384
585
601
289
325
794
185
464
61
458
698
194
113
25
65
772
365
130
136
1450
244
361
257
13
64
565
109
58
122
16
425
729
298
296
170
37
178
16
20
954
8
225
89
409
512
205
52
52
16
360
50
250
628
4
509
746
292
72
333
125
929
1114
1021
169
596
625
109
701
218
82
145
981
68
205
509
40
153
45
578
200
26
436
52
80
225
520
72
9
8
36
289
356
578
666
857
260
17
232
89
386
676
545
260
1277
25
961
250
449
261
74
185
64
5
13
157
338
845
221
500
25
269
373
109
145
610
485
218
1325
340
797
712
128
533
0
200
785
433
425
225
325
9
100
181
218
149
274
346
272
629
10
657
164
386
218
1000
629
29
400
533
16
9
377
290
50
10
441
61
225
533
296
1170
557
369
50
800
242
416
41
250
49
218
1249
122
197
130
26
53
545
346
225
72
377
10
625
289
425
544
256
226
981
386
130
829
65
369
369
720
386
313
221
281
1042
5
50
256
29
10
109
298
306
180
425
125
197
169
45
569
601
153
389
68
52
85
845
484
36
520
1
397
25
80
2
18
85
401
137
45
160
265
797
90
130
386
586
293
754
41
104
905
980
397
45
101
522
0
505
353
221
337
160
197
40
729
580
90
26
530
218
208
1193
50
505
260
185
386
52
269
193
149
50
106
10
265
64
193
356
170
288
260
197
185
205
680
40
538
961
194
656
905
450
34
100
362
1040
125
170
400
208
45
1460
818
490
450
340
820
160
369
557
17
85
482
17
245
17
333
458
0
288
1049
20
245
89
16
530
449
292
20
256
445
37
593
122
185
244
116
1930
746
5
565
653
488
1093
425
468
324
73
136
922
388
1570
650
529
137
389
1538
281
221
193
72
442
218
13
529
313
10
181
1508
289
221
337
208
544
1189
169
416
98
25
90
125
605
1156
130
981
488
738
137
221
72
116
68
5
313
153
200
34
61
25
106
18
65
149
850
733
698
205
221
65
149
388
29
125
65
144
1277
65
676
197
122
464
986
1
250
317
442
4
1268